"Address","Date","Rent","Aprt_Type","Building_Type"
NA,NA,NA,NA,NA
"7618 N Decatur Blvd, North Las Vegas, NV 89084","2026/03/02",1587,"1 Bed","Apartment"
"7618 N Decatur Blvd, North Las Vegas, NV 89084","2026/03/02",1956,"2 Beds","Apartment"
"7618 N Decatur Blvd, North Las Vegas, NV 89084","2026/03/02",2438,"3 Beds","Apartment"
"8550 W Deer Springs Way, Las Vegas, NV 89149","2026/03/02",1578,"1 Bed","Apartment"
"8550 W Deer Springs Way, Las Vegas, NV 89149","2026/03/02",2113,"2 Beds","Apartment"
"8550 W Deer Springs Way, Las Vegas, NV 89149","2026/03/02",2643,"3 Beds","Apartment"
"8888 N Grand Canyon Dr, Las Vegas, NV 89166","2026/03/02",1600,"Studio","Apartment"
"8888 N Grand Canyon Dr, Las Vegas, NV 89166","2026/03/02",1405,"1 Bed","Apartment"
"8888 N Grand Canyon Dr, Las Vegas, NV 89166","2026/03/02",1804,"2 Beds+","Apartment"
"6650 S Sandhill Rd, Las Vegas, NV 89120","2026/03/02",1290,"1 Bed","Apartment"
"6650 S Sandhill Rd, Las Vegas, NV 89120","2026/03/02",1450,"2 Beds","Apartment"
"6650 S Sandhill Rd, Las Vegas, NV 89120","2026/03/02",1700,"3 Beds","Apartment"
"3110 E Flamingo Rd, Las Vegas, NV 89121","2026/03/02",1110,"1 Bed","Apartment"
"3110 E Flamingo Rd, Las Vegas, NV 89121","2026/03/02",1365,"2 Beds","Apartment"
"9745 Grand Teton Dr, Las Vegas, NV 89166","2026/03/02",1359,"1 Bed","Apartment"
"9745 Grand Teton Dr, Las Vegas, NV 89166","2026/03/02",1459,"2 Beds","Apartment"
"9745 Grand Teton Dr, Las Vegas, NV 89166","2026/03/02",1944,"3 Beds","Apartment"
"4250 S Arville St, Las Vegas, NV 89103","2026/03/02",1237,"1 Bed","Apartment"
"4250 S Arville St, Las Vegas, NV 89103","2026/03/02",1347,"2 Beds","Apartment"
"4200 Paradise Rd, Las Vegas, NV 89169","2026/03/02",1052,"1 Bed","Apartment"
"4200 Paradise Rd, Las Vegas, NV 89169","2026/03/02",1395,"2 Beds","Apartment"
"5145 Rawhide St, Las Vegas, NV 89122","2026/03/02",1723,"1 Bed","Apartment"
"5145 Rawhide St, Las Vegas, NV 89122","2026/03/02",1343,"2 Beds","Apartment"
"5145 Rawhide St, Las Vegas, NV 89122","2026/03/02",1733,"3 Beds","Apartment"
"6901 E Lake Mead Blvd, Las Vegas, NV 89156","2026/03/02",1220,"1 Bed","Apartment"
"6901 E Lake Mead Blvd, Las Vegas, NV 89156","2026/03/02",1287,"2 Beds","Apartment"
"6901 E Lake Mead Blvd, Las Vegas, NV 89156","2026/03/02",1937,"3 Beds","Apartment"
"3011 S Arville St, Las Vegas, NV 89102","2026/03/02",990,"2 Beds","Apartment"
"3011 S Arville St, Las Vegas, NV 89102","2026/03/02",1400,"3 Beds","Apartment"
"3295 Casey Dr, Las Vegas, NV 89120","2026/03/02",991,"1 Bed","Apartment"
"3295 Casey Dr, Las Vegas, NV 89120","2026/03/02",1268,"2 Beds","Apartment"
"3295 Casey Dr, Las Vegas, NV 89120","2026/03/02",1544,"3 Beds","Apartment"
NA,NA,NA,NA,NA
"6930 Paradise Rd, Las Vegas, NV 89119","2026/03/02",1139,"1 Bed","Apartment"
"6930 Paradise Rd, Las Vegas, NV 89119","2026/03/02",1399,"2 Beds","Apartment"
"1330 E Reno Ave, Las Vegas, NV 89119","2026/03/02",1099,"1 Bed","Apartment"
"1330 E Reno Ave, Las Vegas, NV 89119","2026/03/02",1356,"2 Beds","Apartment"
"5711 W Tropicana Ave, Las Vegas, NV 89103","2026/03/02",1356,"1 Bed","Apartment"
"5711 W Tropicana Ave, Las Vegas, NV 89103","2026/03/02",1536,"2 Beds","Apartment"
"5711 W Tropicana Ave, Las Vegas, NV 89103","2026/03/02",1801,"3 Beds","Apartment"
"4201 W Rochelle Ave, Las Vegas, NV 89103","2026/03/02",1244,"1 Bed","Apartment"
"4201 W Rochelle Ave, Las Vegas, NV 89103","2026/03/02",1459,"2 Beds","Apartment"
"4650 W Oakey Blvd, Las Vegas, NV 89102","2026/03/02",1113,"1 Bed","Apartment"
"4650 W Oakey Blvd, Las Vegas, NV 89102","2026/03/02",1413,"2 Beds","Apartment"
"4870 Nellis Oasis Ln, Las Vegas, NV 89115","2026/03/02",985,"1 Bed","Apartment"
"4870 Nellis Oasis Ln, Las Vegas, NV 89115","2026/03/02",1110,"2 Beds","Apartment"
"4870 Nellis Oasis Ln, Las Vegas, NV 89115","2026/03/02",1370,"3 Beds","Apartment"
"12656 Southern Highlands Pky, Las Vegas, NV 89141","2026/03/02",1870,"Studio","Apartment"
"12656 Southern Highlands Pky, Las Vegas, NV 89141","2026/03/02",2095,"1 Bed","Apartment"
"12656 Southern Highlands Pky, Las Vegas, NV 89141","2026/03/02",2250,"2 Beds","Apartment"
"11055 Las Vegas Blvd S, Las Vegas, NV 89183","2026/03/02",1788,"1 Bed","Apartment"
"11055 Las Vegas Blvd S, Las Vegas, NV 89183","2026/03/02",1997,"2 Beds","Apartment"
"11055 Las Vegas Blvd S, Las Vegas, NV 89183","2026/03/02",3111,"3 Beds","Apartment"
"2705 N Rancho Dr, Las Vegas, NV 89130","2026/03/02",1945,"2 Beds","Apartment"
"2705 N Rancho Dr, Las Vegas, NV 89130","2026/03/02",2430,"3 Beds","Apartment"
"4350 Paradise Rd, Las Vegas, NV 89169","2026/03/02",825,"",NA
"8475 Michael Cherry Ave, Las Vegas, NV 89113","2026/03/02",1895,"Studio","Apartment"
"8475 Michael Cherry Ave, Las Vegas, NV 89113","2026/03/02",1950,"1 Bed","Apartment"
"8475 Michael Cherry Ave, Las Vegas, NV 89113","2026/03/02",2795,"2 Beds+","Apartment"
"5050 W Russell Rd, Las Vegas, NV 89118","2026/03/02",1695,"1 Bed","Apartment"
"5050 W Russell Rd, Las Vegas, NV 89118","2026/03/02",2055,"2 Beds","Apartment"
"5800 W Charleston Blvd, Las Vegas, NV 89146","2026/03/02",1400,"1 Bed","Apartment"
"5800 W Charleston Blvd, Las Vegas, NV 89146","2026/03/02",1600,"2 Beds","Apartment"
"5800 W Charleston Blvd, Las Vegas, NV 89146","2026/03/02",1900,"3 Beds","Apartment"
"7401 W Washington Ave, Las Vegas, NV 89128","2026/03/02",1250,"1 Bed","Apartment"
"7401 W Washington Ave, Las Vegas, NV 89128","2026/03/02",1325,"2 Beds","Apartment"
"7401 W Washington Ave, Las Vegas, NV 89128","2026/03/02",1895,"3 Beds","Apartment"
"3240 Las Vegas Blvd N, Las Vegas, NV 89115","2026/03/02",1120,"1 Bed","Apartment"
"3240 Las Vegas Blvd N, Las Vegas, NV 89115","2026/03/02",1235,"2 Beds","Apartment"
"3240 Las Vegas Blvd N, Las Vegas, NV 89115","2026/03/02",1474,"3 Beds+","Apartment"
"6700 Hollywood Blvd, Henderson, NV 89011","2026/03/02",1523,"1 Bed","Apartment"
"6700 Hollywood Blvd, Henderson, NV 89011","2026/03/02",1833,"2 Beds","Apartment"
"6700 Hollywood Blvd, Henderson, NV 89011","2026/03/02",2409,"3 Beds","Apartment"
"360 N Arroyo Grande Blvd, Henderson, NV 89014","2026/03/02",1390,"1 Bed","Apartment"
"360 N Arroyo Grande Blvd, Henderson, NV 89014","2026/03/02",1460,"2 Beds","Apartment"
"360 N Arroyo Grande Blvd, Henderson, NV 89014","2026/03/02",1670,"3 Beds","Apartment"
"2151 N Green Valley Pky, Henderson, NV 89074","2026/03/02",1338,"1 Bed","Apartment"
"2151 N Green Valley Pky, Henderson, NV 89074","2026/03/02",1538,"2 Beds","Apartment"
"2151 N Green Valley Pky, Henderson, NV 89074","2026/03/02",1713,"3 Beds","Apartment"
"650 Whitney Ranch Dr, Henderson, NV 89014","2026/03/02",1398,"1 Bed","Apartment"
"650 Whitney Ranch Dr, Henderson, NV 89014","2026/03/02",1593,"2 Beds","Apartment"
"650 Whitney Ranch Dr, Henderson, NV 89014","2026/03/02",1798,"3 Beds","Apartment"
"5880 Boulder Falls St, Henderson, NV 89011","2026/03/02",1309,"1 Bed","Apartment"
"5880 Boulder Falls St, Henderson, NV 89011","2026/03/02",1583,"2 Beds","Apartment"
"5880 Boulder Falls St, Henderson, NV 89011","2026/03/02",1774,"3 Beds","Apartment"
"2929 E Centennial Pky, North Las Vegas, NV 89081","2026/03/02",1522,"2 Beds","Apartment"
"2929 E Centennial Pky, North Las Vegas, NV 89081","2026/03/02",1856,"3 Beds","Apartment"
"1770 N Green Valley Pky, Henderson, NV 89074","2026/03/02",1389,"1 Bed","Apartment"
"1770 N Green Valley Pky, Henderson, NV 89074","2026/03/02",1547,"2 Beds","Apartment"
"2575 Horizon Ridge Pky, Henderson, NV 89052","2026/03/02",1498,"1 Bed","Apartment"
"2575 Horizon Ridge Pky, Henderson, NV 89052","2026/03/02",1598,"2 Beds","Apartment"
"1800 N Green Valley Pky, Henderson, NV 89074","2026/03/02",1305,"1 Bed","Apartment"
"1800 N Green Valley Pky, Henderson, NV 89074","2026/03/02",1488,"2 Beds","Apartment"
"9235 W Russell Rd, Las Vegas, NV 89148","2026/03/02",2068,"Studio","Apartment"
"9235 W Russell Rd, Las Vegas, NV 89148","2026/03/02",2003,"1 Bed","Apartment"
"9235 W Russell Rd, Las Vegas, NV 89148","2026/03/02",2803,"2 Beds","Apartment"
"100 Park Vista Dr, Las Vegas, NV 89138","2026/03/02",1788,"1 Bed","Apartment"
"100 Park Vista Dr, Las Vegas, NV 89138","2026/03/02",1711,"2 Beds","Apartment"
"100 Park Vista Dr, Las Vegas, NV 89138","2026/03/02",2475,"3 Beds","Apartment"
"8850 Echelon Point Dr, Las Vegas, NV 89149","2026/03/02",1503,"Studio","Apartment"
"8850 Echelon Point Dr, Las Vegas, NV 89149","2026/03/02",1537,"1 Bed","Apartment"
"8850 Echelon Point Dr, Las Vegas, NV 89149","2026/03/02",1909,"2 Beds","Apartment"
"9280 W Post Rd, Las Vegas, NV 89148","2026/03/02",1824,"Studio","Apartment"
"9280 W Post Rd, Las Vegas, NV 89148","2026/03/02",1840,"1 Bed","Apartment"
"9280 W Post Rd, Las Vegas, NV 89148","2026/03/02",2226,"2 Beds","Apartment"
"6755 W Arby Ave, Las Vegas, NV 89118","2026/03/02",1815,"Studio","Apartment"
"6755 W Arby Ave, Las Vegas, NV 89118","2026/03/02",1767,"1 Bed","Apartment"
"6755 W Arby Ave, Las Vegas, NV 89118","2026/03/02",1964,"2 Beds","Apartment"
"4335 S Grand Canyon Dr, Las Vegas, NV 89147","2026/03/02",1677,"Studio","Apartment"
"4335 S Grand Canyon Dr, Las Vegas, NV 89147","2026/03/02",1770,"1 Bed","Apartment"
"4335 S Grand Canyon Dr, Las Vegas, NV 89147","2026/03/02",2422,"2 Beds","Apartment"
"6550 Quarterhorse Ln, Las Vegas, NV 89148","2026/03/02",1615,"1 Bed","Apartment"
"6550 Quarterhorse Ln, Las Vegas, NV 89148","2026/03/02",2015,"2 Beds","Apartment"
"1635 E Tropicana Ave, Las Vegas, NV 89119","2026/03/02",1346,"Studio","Apartment"
"1635 E Tropicana Ave, Las Vegas, NV 89119","2026/03/02",1461,"1 Bed","Apartment"
"1635 E Tropicana Ave, Las Vegas, NV 89119","2026/03/02",1738,"2 Beds+","Apartment"
"11210 S Las Vegas Blvd, Las Vegas, NV 89183","2026/03/02",1756,"1 Bed","Apartment"
"11210 S Las Vegas Blvd, Las Vegas, NV 89183","2026/03/02",2221,"2 Beds","Apartment"
"11210 S Las Vegas Blvd, Las Vegas, NV 89183","2026/03/02",2446,"3 Beds","Apartment"
"4747 Pennwood Ave, Las Vegas, NV 89102","2026/03/02",1099,"1 Bed","Apartment"
"4747 Pennwood Ave, Las Vegas, NV 89102","2026/03/02",1339,"2 Beds","Apartment"
"6501 W Charleston Blvd, Las Vegas, NV 89146","2026/03/02",1005,"1 Bed","Apartment"
"6501 W Charleston Blvd, Las Vegas, NV 89146","2026/03/02",1205,"2 Beds","Apartment"
"9500 W Maule Ave, Las Vegas, NV 89148","2026/03/02",1482,"1 Bed","Apartment"
"9500 W Maule Ave, Las Vegas, NV 89148","2026/03/02",1722,"2 Beds","Apartment"
"2666 S Decatur Blvd, Las Vegas, NV 89102","2026/03/02",1345,"1 Bed","Apartment"
"2666 S Decatur Blvd, Las Vegas, NV 89102","2026/03/02",1606,"2 Beds","Apartment"
"2666 S Decatur Blvd, Las Vegas, NV 89102","2026/03/02",1926,"3 Beds","Apartment"
"4455 E Twain Ave, Las Vegas, NV 89121","2026/03/02",1095,"1 Bed","Apartment"
"4455 E Twain Ave, Las Vegas, NV 89121","2026/03/02",1270,"2 Beds","Apartment"
"4455 E Twain Ave, Las Vegas, NV 89121","2026/03/02",1434,"3 Beds","Apartment"
"6666 W Washington Ave, Las Vegas, NV 89107","2026/03/02",1148,"Studio","Apartment"
"6666 W Washington Ave, Las Vegas, NV 89107","2026/03/02",1194,"1 Bed","Apartment"
"6666 W Washington Ave, Las Vegas, NV 89107","2026/03/02",1307,"2 Beds","Apartment"
"2701 N Decatur Blvd, Las Vegas, NV 89108","2026/03/02",1293,"1 Bed","Apartment"
"2701 N Decatur Blvd, Las Vegas, NV 89108","2026/03/02",1383,"2 Beds","Apartment"
"2701 N Decatur Blvd, Las Vegas, NV 89108","2026/03/02",1763,"3 Beds","Apartment"
"4895 E Russell Rd, Las Vegas, NV 89120","2026/03/02",1444,"1 Bed","Apartment"
"4895 E Russell Rd, Las Vegas, NV 89120","2026/03/02",1527,"2 Beds","Apartment"
"725 S Hualapai Way, Las Vegas, NV 89145","2026/03/02",1584,"1 Bed","Apartment"
"725 S Hualapai Way, Las Vegas, NV 89145","2026/03/02",1958,"2 Beds","Apartment"
"725 S Hualapai Way, Las Vegas, NV 89145","2026/03/02",2422,"3 Beds","Apartment"
"4255 Tamarus St, Las Vegas, NV 89119","2026/03/02",940,"Studio","Apartment"
"4255 Tamarus St, Las Vegas, NV 89119","2026/03/02",1040,"1 Bed","Apartment"
"4255 Tamarus St, Las Vegas, NV 89119","2026/03/02",1240,"2 Beds","Apartment"
"2301 S Valley View Blvd, Las Vegas, NV 89102","2026/03/02",1148,"1 Bed","Apartment"
"2301 S Valley View Blvd, Las Vegas, NV 89102","2026/03/02",1483,"2 Beds","Apartment"
"1915 Simmons St, Las Vegas, NV 89106","2026/03/02",1249,"1 Bed","Apartment"
"1915 Simmons St, Las Vegas, NV 89106","2026/03/02",1482,"2 Beds","Apartment"
"1915 Simmons St, Las Vegas, NV 89106","2026/03/02",1741,"3 Beds","Apartment"
"8000 W Spring Mountain Rd, Las Vegas, NV 89117","2026/03/02",1510,"1 Bed","Apartment"
"8000 W Spring Mountain Rd, Las Vegas, NV 89117","2026/03/02",1669,"2 Beds","Apartment"
"8000 W Spring Mountain Rd, Las Vegas, NV 89117","2026/03/02",2047,"3 Beds","Apartment"
"8321 W Sahara Ave, Las Vegas, NV 89117","2026/03/02",1349,"1 Bed","Apartment"
"8321 W Sahara Ave, Las Vegas, NV 89117","2026/03/02",1409,"2 Beds","Apartment"
"8321 W Sahara Ave, Las Vegas, NV 89117","2026/03/02",1669,"3 Beds","Apartment"
"2901 N Rainbow Blvd, Las Vegas, NV 89108","2026/03/02",1005,"1 Bed","Apartment"
"2901 N Rainbow Blvd, Las Vegas, NV 89108","2026/03/02",1397,"2 Beds","Apartment"
"8301 W Charleston Blvd, Las Vegas, NV 89117","2026/03/02",1307,"1 Bed","Apartment"
"8301 W Charleston Blvd, Las Vegas, NV 89117","2026/03/02",1517,"2 Beds","Apartment"
"8301 W Charleston Blvd, Las Vegas, NV 89117","2026/03/02",1744,"3 Beds","Apartment"
"5055 Jeffreys St, Las Vegas, NV 89119","2026/03/02",996,"1 Bed","Apartment"
"5055 Jeffreys St, Las Vegas, NV 89119","2026/03/02",1368,"2 Beds","Apartment"
"3625 S Decatur Blvd, Las Vegas, NV 89103","2026/03/02",1239,"1 Bed","Apartment"
"3625 S Decatur Blvd, Las Vegas, NV 89103","2026/03/02",1371,"2 Beds","Apartment"
"7100 Grand Montecito Pky, Las Vegas, NV 89149","2026/03/02",1371,"1 Bed","Apartment"
"7100 Grand Montecito Pky, Las Vegas, NV 89149","2026/03/02",1698,"2 Beds","Apartment"
"5600 E Russell Rd, Las Vegas, NV 89122","2026/03/02",1448,"1 Bed","Apartment"
"5600 E Russell Rd, Las Vegas, NV 89122","2026/03/02",1632,"2 Beds","Apartment"
"5600 E Russell Rd, Las Vegas, NV 89122","2026/03/02",2079,"3 Beds","Apartment"
"10115 S Jeffreys St, Las Vegas, NV 89183","2026/03/02",1778,"1 Bed","Apartment"
"10115 S Jeffreys St, Las Vegas, NV 89183","2026/03/02",1562,"2 Beds","Apartment"
"10115 S Jeffreys St, Las Vegas, NV 89183","2026/03/02",2158,"3 Beds","Apartment"
"3779 Autzen Stadium Way, Las Vegas, NV 89115","2026/03/02",1932,"3 Beds","Apartment"
"3779 Autzen Stadium Way, Las Vegas, NV 89115","2026/03/02",2099,"4 Beds","Apartment"
"2750 W Wigwam Ave, las vegas, NV 89123","2026/03/02",1843,"1 Bed","Apartment"
"2750 W Wigwam Ave, las vegas, NV 89123","2026/03/02",1826,"2 Beds","Apartment"
"2750 W Wigwam Ave, las vegas, NV 89123","2026/03/02",2730,"3 Beds","Apartment"
"304 E Silverado Ranch Blvd, Las Vegas, NV 89183","2026/03/02",1635,"1 Bed","Apartment"
"304 E Silverado Ranch Blvd, Las Vegas, NV 89183","2026/03/02",1789,"2 Beds","Apartment"
"304 E Silverado Ranch Blvd, Las Vegas, NV 89183","2026/03/02",2067,"3 Beds","Apartment"
"9025 W Desert Inn Rd, Las Vegas, NV 89117","2026/03/02",1320,"1 Bed","Apartment"
"9025 W Desert Inn Rd, Las Vegas, NV 89117","2026/03/02",1470,"2 Beds","Apartment"
"2051 N Torrey Pines Dr, Las Vegas, NV 89108","2026/03/02",1230,"1 Bed","Apartment"
"2051 N Torrey Pines Dr, Las Vegas, NV 89108","2026/03/02",1381,"2 Beds","Apartment"
"6275 Boulder Hwy, Las Vegas, NV 89122","2026/03/02",1473,"1 Bed","Apartment"
"6275 Boulder Hwy, Las Vegas, NV 89122","2026/03/02",1551,"2 Beds","Apartment"
"6275 Boulder Hwy, Las Vegas, NV 89122","2026/03/02",1866,"3 Beds","Apartment"
"2500 N Rainbow Blvd, Las Vegas, NV 89108","2026/03/02",1193,"1 Bed","Apartment"
"2500 N Rainbow Blvd, Las Vegas, NV 89108","2026/03/02",1476,"2 Beds","Apartment"
"6575 W Tropicana Ave, Las Vegas, NV 89103","2026/03/02",1352,"1 Bed","Apartment"
"6575 W Tropicana Ave, Las Vegas, NV 89103","2026/03/02",1489,"2 Beds","Apartment"
"8600 Scholar Ln, Las Vegas, NV 89128","2026/03/02",1548,"1 Bed","Apartment"
"8600 Scholar Ln, Las Vegas, NV 89128","2026/03/02",1723,"2 Beds","Apartment"
"3225 S Pecos Rd, Las Vegas, NV 89121","2026/03/02",888,"1 Bed","Apartment"
"3225 S Pecos Rd, Las Vegas, NV 89121","2026/03/02",1293,"2 Beds","Apartment"
"2150 N Tenaya Way, Las Vegas, NV 89128","2026/03/02",1342,"1 Bed","Apartment"
"2150 N Tenaya Way, Las Vegas, NV 89128","2026/03/02",1422,"2 Beds","Apartment"
"2150 N Tenaya Way, Las Vegas, NV 89128","2026/03/02",1625,"3 Beds","Apartment"
"2725 W Wigwam Ave, Las Vegas, NV 89123","2026/03/02",1374,"1 Bed","Apartment"
"2725 W Wigwam Ave, Las Vegas, NV 89123","2026/03/02",1483,"2 Beds","Apartment"
"2725 W Wigwam Ave, Las Vegas, NV 89123","2026/03/02",2246,"3 Beds","Apartment"
"3600 S University Center Dr, Las Vegas, NV 89169","2026/03/02",807,"Studio","Apartment"
"3600 S University Center Dr, Las Vegas, NV 89169","2026/03/02",966,"1 Bed","Apartment"
"3600 S University Center Dr, Las Vegas, NV 89169","2026/03/02",1032,"2 Beds+","Apartment"
"6701 Del Rey Ave, Las Vegas, NV 89146","2026/03/02",1484,"1 Bed","Apartment"
"6701 Del Rey Ave, Las Vegas, NV 89146","2026/03/02",1354,"2 Beds","Apartment"
"6701 Del Rey Ave, Las Vegas, NV 89146","2026/03/02",1568,"3 Beds","Apartment"
NA,NA,NA,NA,NA
"875 E Silverado Ranch Blvd, Las Vegas, NV 89183","2026/03/02",1420,"1 Bed","Apartment"
"875 E Silverado Ranch Blvd, Las Vegas, NV 89183","2026/03/02",1752,"2 Beds","Apartment"
"875 E Silverado Ranch Blvd, Las Vegas, NV 89183","2026/03/02",1650,"3 Beds","Apartment"
"2600 S Town Center Dr, Las Vegas, NV 89135","2026/03/02",1635,"1 Bed","Apartment"
"2600 S Town Center Dr, Las Vegas, NV 89135","2026/03/02",2052,"2 Beds","Apartment"
"2600 S Town Center Dr, Las Vegas, NV 89135","2026/03/02",2073,"3 Beds","Apartment"
"9475 W Tompkins Ave, Las Vegas, NV 89147","2026/03/02",1186,"1 Bed","Apartment"
"9475 W Tompkins Ave, Las Vegas, NV 89147","2026/03/02",1531,"2 Beds","Apartment"
"9475 W Tompkins Ave, Las Vegas, NV 89147","2026/03/02",1810,"3 Beds","Apartment"
NA,NA,NA,NA,NA
"3644 S Ft Apache Rd, Las Vegas, NV 89147","2026/03/02",1540,"1 Bed","Apartment"
"3644 S Ft Apache Rd, Las Vegas, NV 89147","2026/03/02",1843,"2 Beds","Apartment"
"3644 S Ft Apache Rd, Las Vegas, NV 89147","2026/03/02",2091,"3 Beds","Apartment"
NA,NA,NA,NA,NA
NA,NA,NA,NA,NA
"6355 S Riley St, Las Vegas, NV 89148","2026/03/02",1434,"1 Bed","Apartment"
"6355 S Riley St, Las Vegas, NV 89148","2026/03/02",1626,"2 Beds","Apartment"
NA,NA,NA,NA,NA
"9620 W Russell Rd, Las Vegas, NV 89148","2026/03/02",1364,"1 Bed","Apartment"
"9620 W Russell Rd, Las Vegas, NV 89148","2026/03/02",1515,"2 Beds","Apartment"
"3350 N Durango Dr, Las Vegas, NV 89129","2026/03/02",1319,"Studio","Apartment"
"3350 N Durango Dr, Las Vegas, NV 89129","2026/03/02",1419,"1 Bed","Apartment"
"3350 N Durango Dr, Las Vegas, NV 89129","2026/03/02",1664,"2 Beds+","Apartment"
"5701 W Rochelle Ave, Las Vegas, NV 89103","2026/03/02",1139,"1 Bed","Apartment"
"5701 W Rochelle Ave, Las Vegas, NV 89103","2026/03/02",1349,"2 Beds","Apartment"
"5701 W Rochelle Ave, Las Vegas, NV 89103","2026/03/02",1600,"3 Beds","Apartment"
"9625 W Russell Rd, Las Vegas, NV 89148","2026/03/02",1579,"1 Bed","Apartment"
"9625 W Russell Rd, Las Vegas, NV 89148","2026/03/02",1631,"2 Beds","Apartment"
"4801 E Sahara Ave, Las Vegas, NV 89104","2026/03/02",1165,"1 Bed","Apartment"
"4801 E Sahara Ave, Las Vegas, NV 89104","2026/03/02",1246,"2 Beds","Apartment"
"4801 E Sahara Ave, Las Vegas, NV 89104","2026/03/02",1515,"3 Beds","Apartment"
"9350 S Cimarron Rd, Las Vegas, NV 89178","2026/03/02",1593,"1 Bed","Apartment"
"9350 S Cimarron Rd, Las Vegas, NV 89178","2026/03/02",1906,"2 Beds","Apartment"
"6655 Boulder Hwy, Las Vegas, NV 89122","2026/03/02",1409,"1 Bed","Apartment"
"6655 Boulder Hwy, Las Vegas, NV 89122","2026/03/02",1520,"2 Beds","Apartment"
"6655 Boulder Hwy, Las Vegas, NV 89122","2026/03/02",1673,"3 Beds","Apartment"
"1450 E Pebble Rd, Las Vegas, NV 89123","2026/03/02",1376,"Studio","Apartment"
"1450 E Pebble Rd, Las Vegas, NV 89123","2026/03/02",1299,"1 Bed","Apartment"
"1450 E Pebble Rd, Las Vegas, NV 89123","2026/03/02",1486,"2 Beds","Apartment"
"1200 W Cheyenne Ave, Las Vegas, NV 89030","2026/03/02",1364,"1 Bed","Apartment"
"1200 W Cheyenne Ave, Las Vegas, NV 89030","2026/03/02",1516,"2 Beds","Apartment"
"1200 W Cheyenne Ave, Las Vegas, NV 89030","2026/03/02",1905,"3 Beds","Apartment"
"3950 Mountain Vista St, Las Vegas, NV 89121","2026/03/02",1127,"1 Bed","Apartment"
"3950 Mountain Vista St, Las Vegas, NV 89121","2026/03/02",1136,"2 Beds","Apartment"
"3950 Mountain Vista St, Las Vegas, NV 89121","2026/03/02",1720,"3 Beds","Apartment"
"5075 Spyglass Hill Dr, Las Vegas, NV 89142","2026/03/02",1192,"1 Bed","Apartment"
"5075 Spyglass Hill Dr, Las Vegas, NV 89142","2026/03/02",1300,"2 Beds","Apartment"
"3300 Winterhaven St, Las Vegas, NV 89108","2026/03/02",1355,"1 Bed","Apartment"
"3300 Winterhaven St, Las Vegas, NV 89108","2026/03/02",1527,"2 Beds","Apartment"
"5050 S Duneville St, Las Vegas, NV 89118","2026/03/02",1272,"1 Bed","Apartment"
"5050 S Duneville St, Las Vegas, NV 89118","2026/03/02",1262,"2 Beds","Apartment"
"3663 S Valley View Blvd, Las Vegas, NV 89103","2026/03/02",1107,"1 Bed","Apartment"
"3663 S Valley View Blvd, Las Vegas, NV 89103","2026/03/02",1383,"2 Beds","Apartment"
"6255 W Tropicana Ave, Las Vegas, NV 89103","2026/03/02",1325,"1 Bed","Apartment"
"6255 W Tropicana Ave, Las Vegas, NV 89103","2026/03/02",1480,"2 Beds","Apartment"
"6255 W Tropicana Ave, Las Vegas, NV 89103","2026/03/02",2131,"3 Beds","Apartment"
"2301 Redwood St, Las Vegas, NV 89146","2026/03/02",1576,"1 Bed","Apartment"
"2301 Redwood St, Las Vegas, NV 89146","2026/03/02",1763,"2 Beds","Apartment"
"629 S Main St, Las Vegas, NV 89101","2026/03/02",92012,"",NA
"6300 W Lake Mead Blvd, Las Vegas, NV 89108","2026/03/02",1258,"1 Bed","Apartment"
"6300 W Lake Mead Blvd, Las Vegas, NV 89108","2026/03/02",1465,"2 Beds","Apartment"
"6300 W Lake Mead Blvd, Las Vegas, NV 89108","2026/03/02",1980,"3 Beds","Apartment"
"3450 N Hualapai Way, Las Vegas, NV 89129","2026/03/02",1258,"1 Bed","Apartment"
"3450 N Hualapai Way, Las Vegas, NV 89129","2026/03/02",1536,"2 Beds","Apartment"
"3450 N Hualapai Way, Las Vegas, NV 89129","2026/03/02",2031,"3 Beds","Apartment"
"3850 Mountain Vista St, Las Vegas, NV 89121","2026/03/02",1027,"1 Bed","Apartment"
"3850 Mountain Vista St, Las Vegas, NV 89121","2026/03/02",1154,"2 Beds","Apartment"
"3850 Mountain Vista St, Las Vegas, NV 89121","2026/03/02",1431,"3 Beds","Apartment"
"9465 W Post Rd, Las Vegas, NV 89148","2026/03/02",1508,"1 Bed","Apartment"
"9465 W Post Rd, Las Vegas, NV 89148","2026/03/02",1618,"2 Beds","Apartment"
"5905 W Charleston Blvd, Las Vegas, NV 89146","2026/03/02",1186,"1 Bed","Apartment"
"5905 W Charleston Blvd, Las Vegas, NV 89146","2026/03/02",1336,"2 Beds","Apartment"
"3040 E Charleston Blvd, Las Vegas, NV 89104","2026/03/02",862,"Studio","Apartment"
"3040 E Charleston Blvd, Las Vegas, NV 89104","2026/03/02",1002,"1 Bed","Apartment"
"5035 E Russell Rd, Las Vegas, NV 89122","2026/03/02",1288,"1 Bed","Apartment"
"5035 E Russell Rd, Las Vegas, NV 89122","2026/03/02",1534,"2 Beds","Apartment"
"3309 Sky Country Ln, Las Vegas, NV 89117","2026/03/02",1408,"1 Bed","Apartment"
"3309 Sky Country Ln, Las Vegas, NV 89117","2026/03/02",1552,"2 Beds","Apartment"
"3309 Sky Country Ln, Las Vegas, NV 89117","2026/03/02",1763,"3 Beds","Apartment"
"2900 El Camino Ave, Las Vegas, NV 89102","2026/03/02",1193,"1 Bed","Apartment"
"2900 El Camino Ave, Las Vegas, NV 89102","2026/03/02",1343,"2 Beds","Apartment"
"5325 E Tropicana Ave, Las Vegas, NV 89122","2026/03/02",1315,"1 Bed","Apartment"
"5325 E Tropicana Ave, Las Vegas, NV 89122","2026/03/02",1474,"2 Beds","Apartment"
"5325 E Tropicana Ave, Las Vegas, NV 89122","2026/03/02",1987,"3 Beds","Apartment"
"7055 E Lake Mead Blvd, Las Vegas, NV 89156","2026/03/02",1205,"1 Bed","Apartment"
"7055 E Lake Mead Blvd, Las Vegas, NV 89156","2026/03/02",1215,"2 Beds","Apartment"
"5175 Jerry Tarkanian Way, Las Vegas, NV 89148","2026/03/02",1631,"1 Bed","Apartment"
"5175 Jerry Tarkanian Way, Las Vegas, NV 89148","2026/03/02",1943,"2 Beds","Apartment"
"6661 Silverstream Ave, Las Vegas, NV 89107","2026/03/02",1139,"1 Bed","Apartment"
"6661 Silverstream Ave, Las Vegas, NV 89107","2026/03/02",1346,"2 Beds","Apartment"
"5850 Sky Pointe Dr, Las Vegas, NV 89130","2026/03/02",1270,"1 Bed","Apartment"
"5850 Sky Pointe Dr, Las Vegas, NV 89130","2026/03/02",1425,"2 Beds","Apartment"
"9225 W Charleston Blvd, Las Vegas, NV 89117","2026/03/02",1685,"1 Bed","Apartment"
"9225 W Charleston Blvd, Las Vegas, NV 89117","2026/03/02",1713,"2 Beds","Apartment"
"9225 W Charleston Blvd, Las Vegas, NV 89117","2026/03/02",2168,"3 Beds","Apartment"
"3675 Cambridge St, Las Vegas, NV 89169","2026/03/02",940,"1 Bed","Apartment"
"3675 Cambridge St, Las Vegas, NV 89169","2026/03/02",1040,"2 Beds","Apartment"
"9110 W Tropicana Ave, Las Vegas, NV 89147","2026/03/02",1634,"1 Bed","Apartment"
"9110 W Tropicana Ave, Las Vegas, NV 89147","2026/03/02",2015,"2 Beds","Apartment"
"5025 Nellis Oasis Ln, Las Vegas, NV 89115","2026/03/02",770,"",NA
"7350 W Centennial Pky, Las Vegas, NV 89131","2026/03/02",1607,"1 Bed","Apartment"
"7350 W Centennial Pky, Las Vegas, NV 89131","2026/03/02",1774,"2 Beds","Apartment"
"7350 W Centennial Pky, Las Vegas, NV 89131","2026/03/02",2184,"3 Beds","Apartment"
"9436-9450 W Hacienda Ave, Las Vegas, NV 89148","2026/03/02",1422,"1 Bed","Apartment"
"9436-9450 W Hacienda Ave, Las Vegas, NV 89148","2026/03/02",1685,"2 Beds","Apartment"
"3463 Procyon St, Las Vegas, NV 89102","2026/03/02",1401,"Studio","Apartment"
"3463 Procyon St, Las Vegas, NV 89102","2026/03/02",1635,"1 Bed","Apartment"
"3463 Procyon St, Las Vegas, NV 89102","2026/03/02",2107,"2 Beds+","Apartment"
"2656 N Buffalo Dr, Las Vegas, NV 89128","2026/03/02",1460,"Studio","Apartment"
"2656 N Buffalo Dr, Las Vegas, NV 89128","2026/03/02",1611,"1 Bed","Apartment"
"2656 N Buffalo Dr, Las Vegas, NV 89128","2026/03/02",1870,"2 Beds","Apartment"
"9830 W Tropicana Ave, Las Vegas, NV 89147","2026/03/02",1725,"1 Bed","Apartment"
"9830 W Tropicana Ave, Las Vegas, NV 89147","2026/03/02",2025,"2 Beds","Apartment"
"9830 W Tropicana Ave, Las Vegas, NV 89147","2026/03/02",3305,"3 Beds","Apartment"
"10650 Dean Martin Dr, Las Vegas, NV 89141","2026/03/02",1490,"1 Bed","Apartment"
"10650 Dean Martin Dr, Las Vegas, NV 89141","2026/03/02",1955,"2 Beds","Apartment"
"1501 Rock Springs Dr, Las Vegas, NV 89128","2026/03/02",1418,"Studio","Apartment"
"1501 Rock Springs Dr, Las Vegas, NV 89128","2026/03/02",1596,"1 Bed","Apartment"
"1501 Rock Springs Dr, Las Vegas, NV 89128","2026/03/02",1776,"2 Beds","Apartment"
"9860 W Tropicana Ave, Las Vegas, NV 89147","2026/03/02",1276,"Studio","Apartment"
"9860 W Tropicana Ave, Las Vegas, NV 89147","2026/03/02",1681,"1 Bed","Apartment"
"9860 W Tropicana Ave, Las Vegas, NV 89147","2026/03/02",1939,"2 Beds","Apartment"
"9950 W Tropicana Ave, Las Vegas, NV 89147","2026/03/02",1710,"1 Bed","Apartment"
"9950 W Tropicana Ave, Las Vegas, NV 89147","2026/03/02",1863,"2 Beds","Apartment"
"8360 Montecito Pointe Dr, Las Vegas, NV 89149","2026/03/02",1750,"1 Bed","Apartment"
"8360 Montecito Pointe Dr, Las Vegas, NV 89149","2026/03/02",2127,"2 Beds","Apartment"
"5055 S Fort Apache Rd, Las Vegas, NV 89148","2026/03/02",1615,"Studio","Apartment"
"5055 S Fort Apache Rd, Las Vegas, NV 89148","2026/03/02",1615,"1 Bed","Apartment"
"5055 S Fort Apache Rd, Las Vegas, NV 89148","2026/03/02",2045,"2 Beds","Apartment"
"8030 W Maule Ave, Las Vegas, NV 89113","2026/03/02",1694,"Studio","Apartment"
"8030 W Maule Ave, Las Vegas, NV 89113","2026/03/02",1971,"1 Bed","Apartment"
"8030 W Maule Ave, Las Vegas, NV 89113","2026/03/02",2297,"2 Beds","Apartment"
"2255 Spruce Goose St, Las Vegas, NV 89135","2026/03/02",2102,"1 Bed","Apartment"
"2255 Spruce Goose St, Las Vegas, NV 89135","2026/03/02",2769,"2 Beds","Apartment"
"8150 Rafael Rivera Way, Las Vegas, NV 89113","2026/03/02",1598,"Studio","Apartment"
"8150 Rafael Rivera Way, Las Vegas, NV 89113","2026/03/02",1638,"1 Bed","Apartment"
"8150 Rafael Rivera Way, Las Vegas, NV 89113","2026/03/02",2148,"2 Beds+","Apartment"
NA,NA,NA,NA,NA
"10340 s Decatur Blvd, Las Vegas, NV 89141","2026/03/02",1578,"1 Bed","Apartment"
"10340 s Decatur Blvd, Las Vegas, NV 89141","2026/03/02",1908,"2 Beds","Apartment"
"10340 s Decatur Blvd, Las Vegas, NV 89141","2026/03/02",2463,"3 Beds","Apartment"
NA,NA,NA,NA,NA
"4000 W Silverado Ranch, Las Vegas, NV 89139","2026/03/02",1590,"1 Bed","Apartment"
"4000 W Silverado Ranch, Las Vegas, NV 89139","2026/03/02",1925,"2 Beds","Apartment"
"4000 W Silverado Ranch, Las Vegas, NV 89139","2026/03/02",2455,"3 Beds","Apartment"
"8025 W Russell Rd, Las Vegas, NV 89113","2026/03/02",1325,"1 Bed","Apartment"
"8025 W Russell Rd, Las Vegas, NV 89113","2026/03/02",1600,"2 Beds","Apartment"
"8025 W Russell Rd, Las Vegas, NV 89113","2026/03/02",1850,"3 Beds","Apartment"
"3800 S Nellis Blvd, Las Vegas, NV 89121","2026/03/02",999,"1 Bed","Apartment"
"3800 S Nellis Blvd, Las Vegas, NV 89121","2026/03/02",1150,"2 Beds","Apartment"
"6650 W Warm Springs Rd, Las Vegas, NV 89118","2026/03/02",1275,"1 Bed","Apartment"
"6650 W Warm Springs Rd, Las Vegas, NV 89118","2026/03/02",1400,"2 Beds","Apartment"
"370 E Harmon Ave, Las Vegas, NV 89169","2026/03/02",685,"Studio","Apartment"
"370 E Harmon Ave, Las Vegas, NV 89169","2026/03/02",690,"1 Bed","Apartment"
"2121 E Warm Springs Rd, Las Vegas, NV 89119","2026/03/02",1351,"1 Bed","Apartment"
"2121 E Warm Springs Rd, Las Vegas, NV 89119","2026/03/02",1504,"2 Beds","Apartment"
"2750 S Durango Dr, Las Vegas, NV 89117","2026/03/02",1300,"2 Beds","Apartment"
"2750 S Durango Dr, Las Vegas, NV 89117","2026/03/02",1600,"3 Beds","Apartment"
"9105 W Flamingo Rd, Las Vegas, NV 89147","2026/03/02",1220,"1 Bed","Apartment"
"9105 W Flamingo Rd, Las Vegas, NV 89147","2026/03/02",1460,"2 Beds","Apartment"
"9105 W Flamingo Rd, Las Vegas, NV 89147","2026/03/02",1750,"3 Beds","Apartment"
"4355 S Durango Dr, Las Vegas, NV 89147","2026/03/02",1470,"1 Bed","Apartment"
"4355 S Durango Dr, Las Vegas, NV 89147","2026/03/02",1615,"2 Beds","Apartment"
"4355 S Durango Dr, Las Vegas, NV 89147","2026/03/02",1835,"3 Beds","Apartment"
"3900 E Sunset Rd, Las Vegas, NV 89120","2026/03/02",1200,"1 Bed","Apartment"
"3900 E Sunset Rd, Las Vegas, NV 89120","2026/03/02",1400,"2 Beds","Apartment"
"3900 E Sunset Rd, Las Vegas, NV 89120","2026/03/02",1800,"3 Beds","Apartment"
"8600 Starboard Dr, Las Vegas, NV 89117","2026/03/02",1162,"1 Bed","Apartment"
"8600 Starboard Dr, Las Vegas, NV 89117","2026/03/02",1227,"2 Beds","Apartment"
"8600 Starboard Dr, Las Vegas, NV 89117","2026/03/02",1576,"3 Beds","Apartment"
"5060 W Hacienda Ave, Las Vegas, NV 89118","2026/03/02",1315,"1 Bed","Apartment"
"5060 W Hacienda Ave, Las Vegas, NV 89118","2026/03/02",1600,"2 Beds","Apartment"
"3985 E Cheyenne Ave, Las Vegas, NV 89115","2026/03/02",1271,"1 Bed","Apartment"
"3985 E Cheyenne Ave, Las Vegas, NV 89115","2026/03/02",1257,"2 Beds","Apartment"
"3985 E Cheyenne Ave, Las Vegas, NV 89115","2026/03/02",1650,"3 Beds","Apartment"
"10697 W Centennial Pky, Las Vegas, NV 89166","2026/03/02",1344,"1 Bed","Apartment"
"10697 W Centennial Pky, Las Vegas, NV 89166","2026/03/02",1513,"2 Beds","Apartment"
"9242 W Russell Rd, Las Vegas, NV 89148","2026/03/02",1245,"1 Bed","Apartment"
"9242 W Russell Rd, Las Vegas, NV 89148","2026/03/02",1685,"2 Beds","Apartment"
"10175 W Spring Mountain Rd, Las Vegas, NV 89117","2026/03/02",1535,"1 Bed","Apartment"
"10175 W Spring Mountain Rd, Las Vegas, NV 89117","2026/03/02",1640,"2 Beds","Apartment"
"10175 W Spring Mountain Rd, Las Vegas, NV 89117","2026/03/02",1920,"3 Beds","Apartment"
"4350 Cappas St, Las Vegas, NV 89115","2026/03/02",1695,"3 Beds",NA
NA,NA,NA,NA,NA
"4400 S Jones Blvd, Las Vegas, NV 89103","2026/03/02",1150,"1 Bed","Apartment"
"4400 S Jones Blvd, Las Vegas, NV 89103","2026/03/02",1200,"2 Beds","Apartment"
"9100 W Flamingo Rd, Las Vegas, NV 89147","2026/03/02",1271,"1 Bed","Apartment"
"9100 W Flamingo Rd, Las Vegas, NV 89147","2026/03/02",1504,"2 Beds","Apartment"
"9100 W Flamingo Rd, Las Vegas, NV 89147","2026/03/02",1658,"3 Beds","Apartment"
"7413 W Russell Rd, Las Vegas, NV 89113","2026/03/02",1550,"1 Bed","Apartment"
"7413 W Russell Rd, Las Vegas, NV 89113","2026/03/02",1582,"2 Beds","Apartment"
"4800 E Tropicana Ave, Las Vegas, NV 89121","2026/03/02",941,"1 Bed","Apartment"
"4800 E Tropicana Ave, Las Vegas, NV 89121","2026/03/02",1131,"2 Beds","Apartment"
"4250 S Jones Blvd, Las Vegas, NV 89103","2026/03/02",1205,"1 Bed","Apartment"
"4250 S Jones Blvd, Las Vegas, NV 89103","2026/03/02",1440,"2 Beds","Apartment"
"9550 W Sahara Ave, Las Vegas, NV 89117","2026/03/02",1349,"1 Bed","Apartment"
"9550 W Sahara Ave, Las Vegas, NV 89117","2026/03/02",1499,"2 Beds","Apartment"
"9550 W Sahara Ave, Las Vegas, NV 89117","2026/03/02",1915,"3 Beds","Apartment"
"4450 Karen Ave, Las Vegas, NV 89121","2026/03/02",1355,"2 Beds","Apartment"
"4450 Karen Ave, Las Vegas, NV 89121","2026/03/02",1459,"3 Beds","Apartment"
"1901 N Jones Blvd, Las Vegas, NV 89108","2026/03/02",1000,"1 Bed","Apartment"
"1901 N Jones Blvd, Las Vegas, NV 89108","2026/03/02",1105,"2 Beds","Apartment"
"1901 N Jones Blvd, Las Vegas, NV 89108","2026/03/02",1525,"3 Beds","Apartment"
"850 E Desert Inn Rd, Las Vegas, NV 89109","2026/03/02",1050,"Studio","Apartment"
"850 E Desert Inn Rd, Las Vegas, NV 89109","2026/03/02",1425,"1 Bed","Apartment"
"850 E Desert Inn Rd, Las Vegas, NV 89109","2026/03/02",1450,"2 Beds+","Apartment"
"5150 Duke Ellington Way, Las Vegas, NV 89119","2026/03/02",1595,"1 Bed","Apartment"
"5150 Duke Ellington Way, Las Vegas, NV 89119","2026/03/02",2080,"2 Beds","Apartment"
"7955-7975 W Badura Ave, Las Vegas, NV 89113","2026/03/02",1375,"1 Bed","Apartment"
"7955-7975 W Badura Ave, Las Vegas, NV 89113","2026/03/02",1635,"2 Beds","Apartment"
"7955-7975 W Badura Ave, Las Vegas, NV 89113","2026/03/02",1971,"3 Beds","Apartment"
"6335 Annie Oakley Dr, Las Vegas, NV 89120","2026/03/02",1600,"3 Beds",NA
"6885 W Lone Mountain Rd, Las Vegas, NV 89108","2026/03/02",1369,"1 Bed","Apartment"
"6885 W Lone Mountain Rd, Las Vegas, NV 89108","2026/03/02",1575,"2 Beds","Apartment"
"6885 W Lone Mountain Rd, Las Vegas, NV 89108","2026/03/02",1860,"3 Beds","Apartment"
"3700 E Bonanza Rd, Las Vegas, NV 89110","2026/03/02",925,"1 Bed","Apartment"
"3700 E Bonanza Rd, Las Vegas, NV 89110","2026/03/02",978,"2 Beds","Apartment"
"5150 E Sahara Ave, Las Vegas, NV 89142","2026/03/02",1072,"1 Bed","Apartment"
"5150 E Sahara Ave, Las Vegas, NV 89142","2026/03/02",1195,"2 Beds","Apartment"
"5150 E Sahara Ave, Las Vegas, NV 89142","2026/03/02",1450,"3 Beds","Apartment"
"9501 W Sahara Ave, Las Vegas, NV 89117","2026/03/02",1200,"1 Bed","Apartment"
"9501 W Sahara Ave, Las Vegas, NV 89117","2026/03/02",1450,"2 Beds","Apartment"
"9501 W Sahara Ave, Las Vegas, NV 89117","2026/03/02",1850,"3 Beds","Apartment"
"7960 Rafael Rivera Way, Las Vegas, NV 89113","2026/03/02",1322,"1 Bed","Apartment"
"7960 Rafael Rivera Way, Las Vegas, NV 89113","2026/03/02",1785,"2 Beds","Apartment"
"7960 Rafael Rivera Way, Las Vegas, NV 89113","2026/03/02",1966,"3 Beds","Apartment"
"4350 S Hualapai Way, Las Vegas, NV 89147","2026/03/02",1595,"1 Bed","Apartment"
"4350 S Hualapai Way, Las Vegas, NV 89147","2026/03/02",1551,"2 Beds","Apartment"
"4350 S Hualapai Way, Las Vegas, NV 89147","2026/03/02",1890,"3 Beds","Apartment"
"240 E Silverado Ranch Blvd, Las Vegas, NV 89183","2026/03/02",1383,"1 Bed","Apartment"
"240 E Silverado Ranch Blvd, Las Vegas, NV 89183","2026/03/02",1506,"2 Beds","Apartment"
"250 Promenade Pl, Las Vegas, NV 89106","2026/03/02",1495,"1 Bed","Apartment"
"250 Promenade Pl, Las Vegas, NV 89106","2026/03/02",2644,"2 Beds","Apartment"
"8341 W Warm Springs Rd, Las Vegas, NV 89113","2026/03/02",1740,"Studio","Apartment"
"8341 W Warm Springs Rd, Las Vegas, NV 89113","2026/03/02",1667,"1 Bed","Apartment"
"8341 W Warm Springs Rd, Las Vegas, NV 89113","2026/03/02",2130,"2 Beds","Apartment"
"8600 N Grand Canyon Dr, Las Vegas, NV 89166","2026/03/02",1757,"1 Bed","Apartment"
"8600 N Grand Canyon Dr, Las Vegas, NV 89166","2026/03/02",1654,"2 Beds","Apartment"
"1500 N Rainbow Blvd, Las Vegas, NV 89108","2026/03/02",1255,"Studio","Apartment"
"1500 N Rainbow Blvd, Las Vegas, NV 89108","2026/03/02",1515,"1 Bed","Apartment"
"1500 N Rainbow Blvd, Las Vegas, NV 89108","2026/03/02",1760,"2 Beds+","Apartment"
"6775 Badura Ave, Las Vegas, NV 89118","2026/03/02",1520,"Studio","Apartment"
"6775 Badura Ave, Las Vegas, NV 89118","2026/03/02",1520,"1 Bed","Apartment"
"6775 Badura Ave, Las Vegas, NV 89118","2026/03/02",2135,"2 Beds+","Apartment"
"4330 Channel 10 Dr, Las Vegas, NV 89119","2026/03/02",1380,"Studio","Apartment"
"4330 Channel 10 Dr, Las Vegas, NV 89119","2026/03/02",1465,"1 Bed","Apartment"
"4330 Channel 10 Dr, Las Vegas, NV 89119","2026/03/02",1726,"2 Beds","Apartment"
"1100 Wellness Pl, Henderson, NV 89011","2026/03/02",1640,"1 Bed","Apartment"
"1100 Wellness Pl, Henderson, NV 89011","2026/03/02",2289,"2 Beds","Apartment"
"7400 Evelyn Brook St, North Las Vegas, NV 89084","2026/03/02",1428,"1 Bed","Apartment"
"7400 Evelyn Brook St, North Las Vegas, NV 89084","2026/03/02",1623,"2 Beds","Apartment"
"7400 Evelyn Brook St, North Las Vegas, NV 89084","2026/03/02",2273,"3 Beds","Apartment"
"6151 Mountain Vista St, Henderson, NV 89014","2026/03/02",1308,"1 Bed","Apartment"
"6151 Mountain Vista St, Henderson, NV 89014","2026/03/02",1608,"2 Beds","Apartment"
"1851 N Green Valley Pky, Henderson, NV 89074","2026/03/02",1522,"1 Bed","Apartment"
"1851 N Green Valley Pky, Henderson, NV 89074","2026/03/02",1790,"2 Beds","Apartment"
"1050 Whitney Ranch Rd, Henderson, NV 89014","2026/03/02",1341,"1 Bed","Apartment"
"1050 Whitney Ranch Rd, Henderson, NV 89014","2026/03/02",1663,"2 Beds","Apartment"
"1050 Whitney Ranch Rd, Henderson, NV 89014","2026/03/02",1635,"3 Beds","Apartment"
"831 Coronado Center Dr, Henderson, NV 89052","2026/03/02",1749,"1 Bed","Apartment"
"831 Coronado Center Dr, Henderson, NV 89052","2026/03/02",1877,"2 Beds","Apartment"
"831 Coronado Center Dr, Henderson, NV 89052","2026/03/02",2399,"3 Beds","Apartment"
"6300 McCarran St, North Las Vegas, NV 89081","2026/03/02",1586,"1 Bed","Apartment"
"6300 McCarran St, North Las Vegas, NV 89081","2026/03/02",1586,"2 Beds","Apartment"
"6300 McCarran St, North Las Vegas, NV 89081","2026/03/02",1741,"3 Beds","Apartment"
"701 Aspen Peak Loop, Henderson, NV 89011","2026/03/02",1318,"1 Bed","Apartment"
"701 Aspen Peak Loop, Henderson, NV 89011","2026/03/02",1467,"2 Beds","Apartment"
"701 Aspen Peak Loop, Henderson, NV 89011","2026/03/02",1952,"3 Beds","Apartment"
NA,NA,NA,NA,NA
NA,NA,NA,NA,NA
"1350 W Horizon Rdg, Henderson, NV 89012","2026/03/02",1575,"1 Bed","Apartment"
"1350 W Horizon Rdg, Henderson, NV 89012","2026/03/02",1773,"2 Beds","Apartment"
"1350 W Horizon Rdg, Henderson, NV 89012","2026/03/02",2218,"3 Beds","Apartment"
"201 S Gibson Rd, Henderson, NV 89012","2026/03/02",1985,"1 Bed","Apartment"
"201 S Gibson Rd, Henderson, NV 89012","2026/03/02",2706,"2 Beds","Apartment"
"201 S Gibson Rd, Henderson, NV 89012","2026/03/02",3786,"3 Beds","Apartment"
"80 S Gibson Rd, Henderson, NV 89012","2026/03/02",1450,"2 Beds","Apartment"
"80 S Gibson Rd, Henderson, NV 89012","2026/03/02",1900,"3 Beds","Apartment"
"210 Quest Park St, Henderson, NV 89074","2026/03/02",1336,"1 Bed","Apartment"
"210 Quest Park St, Henderson, NV 89074","2026/03/02",1625,"2 Beds","Apartment"
"210 Quest Park St, Henderson, NV 89074","2026/03/02",1925,"3 Beds","Apartment"
"3305 E Rome Blvd, North Las Vegas, NV 89086","2026/03/02",1321,"1 Bed","Apartment"
"3305 E Rome Blvd, North Las Vegas, NV 89086","2026/03/02",1621,"2 Beds","Apartment"
"3305 E Rome Blvd, North Las Vegas, NV 89086","2026/03/02",2091,"3 Beds","Apartment"
"245 E Centennial Pky, North Las Vegas, NV 89084","2026/03/02",1379,"1 Bed","Apartment"
"245 E Centennial Pky, North Las Vegas, NV 89084","2026/03/02",1613,"2 Beds","Apartment"
"245 E Centennial Pky, North Las Vegas, NV 89084","2026/03/02",1819,"3 Beds","Apartment"
"1005 Wigwam Pky, Henderson, NV 89074","2026/03/02",1398,"1 Bed","Apartment"
"1005 Wigwam Pky, Henderson, NV 89074","2026/03/02",1705,"2 Beds","Apartment"
"1005 Wigwam Pky, Henderson, NV 89074","2026/03/02",2174,"3 Beds","Apartment"
"3000 High View Dr, Henderson, NV 89014","2026/03/02",1340,"2 Beds","Apartment"
"3000 High View Dr, Henderson, NV 89014","2026/03/02",1563,"3 Beds","Apartment"
"111 S Gibson Rd, Henderson, NV 89012","2026/03/02",1603,"1 Bed","Apartment"
"111 S Gibson Rd, Henderson, NV 89012","2026/03/02",1956,"2 Beds","Apartment"
"111 S Gibson Rd, Henderson, NV 89012","2026/03/02",2262,"3 Beds","Apartment"
"650-675 E Azure Ave, North Las Vegas, NV 89081","2026/03/02",1460,"1 Bed","Apartment"
"650-675 E Azure Ave, North Las Vegas, NV 89081","2026/03/02",1664,"2 Beds","Apartment"
"650-675 E Azure Ave, North Las Vegas, NV 89081","2026/03/02",2117,"3 Beds","Apartment"
"6530 Annie Oakley Dr, Henderson, NV 89014","2026/03/02",1275,"1 Bed","Apartment"
"6530 Annie Oakley Dr, Henderson, NV 89014","2026/03/02",1588,"2 Beds","Apartment"
"6530 Annie Oakley Dr, Henderson, NV 89014","2026/03/02",1714,"3 Beds","Apartment"
"245 S Gibson Rd, Henderson, NV 89012","2026/03/02",1646,"1 Bed","Apartment"
"245 S Gibson Rd, Henderson, NV 89012","2026/03/02",1876,"2 Beds","Apartment"
"245 S Gibson Rd, Henderson, NV 89012","2026/03/02",2396,"3 Beds","Apartment"
"1480 Paseo Verde Pky, Henderson, NV 89012","2026/03/02",1630,"Studio","Apartment"
"1480 Paseo Verde Pky, Henderson, NV 89012","2026/03/02",1364,"1 Bed","Apartment"
"1480 Paseo Verde Pky, Henderson, NV 89012","2026/03/02",1919,"2 Beds","Apartment"
"1545 Wigwam Pky, Henderson, NV 89074","2026/03/02",1327,"Studio","Apartment"
"1545 Wigwam Pky, Henderson, NV 89074","2026/03/02",1377,"1 Bed","Apartment"
"1545 Wigwam Pky, Henderson, NV 89074","2026/03/02",1632,"2 Beds+","Apartment"
"2030 Olympic Ave, Henderson, NV 89014","2026/03/02",1509,"Studio","Apartment"
"2030 Olympic Ave, Henderson, NV 89014","2026/03/02",1538,"1 Bed","Apartment"
"2030 Olympic Ave, Henderson, NV 89014","2026/03/02",1892,"2 Beds+","Apartment"
"100 E Warm Springs Rd, Henderson, NV 89011","2026/03/02",1561,"1 Bed","Apartment"
"100 E Warm Springs Rd, Henderson, NV 89011","2026/03/02",1995,"2 Beds","Apartment"
"6741 Boulder Hwy, Henderson, NV 89011","2026/03/02",1545,"1 Bed","Apartment"
"6741 Boulder Hwy, Henderson, NV 89011","2026/03/02",1969,"2 Beds","Apartment"
"6741 Boulder Hwy, Henderson, NV 89011","2026/03/02",2419,"3 Beds","Apartment"
"770 Grand Cadence Dr, Henderson, NV 89011","2026/03/02",1689,"1 Bed","Apartment"
"770 Grand Cadence Dr, Henderson, NV 89011","2026/03/02",2040,"2 Beds","Apartment"
"770 Grand Cadence Dr, Henderson, NV 89011","2026/03/02",2440,"3 Beds+","Apartment"
"2951 Siena Heights Dr, Henderson, NV 89052","2026/03/02",1423,"1 Bed","Apartment"
"2951 Siena Heights Dr, Henderson, NV 89052","2026/03/02",1758,"2 Beds","Apartment"
"2951 Siena Heights Dr, Henderson, NV 89052","2026/03/02",1773,"3 Beds","Apartment"
"1827 W Gowan Rd, North Las Vegas, NV 89032","2026/03/02",1175,"1 Bed","Apartment"
"1827 W Gowan Rd, North Las Vegas, NV 89032","2026/03/02",1360,"2 Beds","Apartment"
"4201 E Craig Rd, North Las Vegas, NV 89030","2026/03/02",1180,"1 Bed","Apartment"
"4201 E Craig Rd, North Las Vegas, NV 89030","2026/03/02",1390,"2 Beds","Apartment"
"1237 W Alexander Rd, North Las Vegas, NV 89032","2026/03/02",1295,"1 Bed","Apartment"
"1237 W Alexander Rd, North Las Vegas, NV 89032","2026/03/02",1495,"2 Beds","Apartment"
"4429 Lawerence St, North Las Vegas, NV 89081","2026/03/02",1400,"1 Bed","Apartment"
"4429 Lawerence St, North Las Vegas, NV 89081","2026/03/02",1625,"2 Beds","Apartment"
"4429 Lawerence St, North Las Vegas, NV 89081","2026/03/02",1970,"3 Beds","Apartment"
"2120 Ramrod Ave, Henderson, NV 89014","2026/03/02",1225,"1 Bed","Apartment"
"2120 Ramrod Ave, Henderson, NV 89014","2026/03/02",1380,"2 Beds","Apartment"
"1445 Stonelake Cove Ave, Henderson, NV 89074","2026/03/02",1553,"1 Bed","Apartment"
"1445 Stonelake Cove Ave, Henderson, NV 89074","2026/03/02",1801,"2 Beds","Apartment"
"1445 Stonelake Cove Ave, Henderson, NV 89074","2026/03/02",2252,"3 Beds","Apartment"
"160 Cielo Abierto Way, Henderson, NV 89012","2026/03/02",1624,"1 Bed","Apartment"
"160 Cielo Abierto Way, Henderson, NV 89012","2026/03/02",1884,"2 Beds","Apartment"
"160 Cielo Abierto Way, Henderson, NV 89012","2026/03/02",2359,"3 Beds","Apartment"
"3080 St Rose Pky, Henderson, NV 89052","2026/03/02",1356,"1 Bed","Apartment"
"3080 St Rose Pky, Henderson, NV 89052","2026/03/02",1770,"2 Beds","Apartment"
"3080 St Rose Pky, Henderson, NV 89052","2026/03/02",2245,"3 Beds","Apartment"
"915 Alper Center Dr, Henderson, NV 89052","2026/03/02",1495,"1 Bed","Apartment"
"915 Alper Center Dr, Henderson, NV 89052","2026/03/02",1694,"2 Beds","Apartment"
"915 Alper Center Dr, Henderson, NV 89052","2026/03/02",2068,"3 Beds","Apartment"
"2460 E Serene Ave, Henderson, NV 89052","2026/03/02",3200,"1 Bed","Apartment"
"2460 E Serene Ave, Henderson, NV 89052","2026/03/02",3445,"2 Beds","Apartment"
"4145 Scott Robinson Blvd, North Las Vegas, NV 89032","2026/03/02",1234,"1 Bed","Apartment"
"4145 Scott Robinson Blvd, North Las Vegas, NV 89032","2026/03/02",1490,"2 Beds","Apartment"
"4145 Scott Robinson Blvd, North Las Vegas, NV 89032","2026/03/02",2255,"3 Beds","Apartment"
NA,NA,NA,NA,NA
"9353 W Twain Ave, Las Vegas, NV 89147","2026/03/02",1344,"1 Bed","Apartment"
"9353 W Twain Ave, Las Vegas, NV 89147","2026/03/02",1556,"2 Beds","Apartment"
"1350 Spruce Park Dr, Las Vegas, NV 89135","2026/03/02",2013,"1 Bed","Apartment"
"1350 Spruce Park Dr, Las Vegas, NV 89135","2026/03/02",2232,"2 Beds","Apartment"
"9750 Peace Way, Las Vegas, NV 89147","2026/03/02",1432,"1 Bed","Apartment"
"9750 Peace Way, Las Vegas, NV 89147","2026/03/02",1407,"2 Beds","Apartment"
"1455 E Katie Ave, Las Vegas, NV 89119","2026/03/02",1224,"1 Bed","Apartment"
"1455 E Katie Ave, Las Vegas, NV 89119","2026/03/02",1315,"2 Beds","Apartment"
"8780 W Nevso Dr, Las Vegas, NV 89147","2026/03/02",1335,"1 Bed","Apartment"
"8780 W Nevso Dr, Las Vegas, NV 89147","2026/03/02",1416,"2 Beds","Apartment"
"5450 S Fort Apache Rd, Las Vegas, NV 89148","2026/03/02",1618,"1 Bed","Apartment"
"5450 S Fort Apache Rd, Las Vegas, NV 89148","2026/03/02",1773,"2 Beds","Apartment"
"3275 E Flamingo Rd, Las Vegas, NV 89121","2026/03/02",1186,"1 Bed","Apartment"
"3275 E Flamingo Rd, Las Vegas, NV 89121","2026/03/02",1273,"2 Beds","Apartment"
"7855 Deer Springs Way, Las Vegas, NV 89131","2026/03/02",1359,"1 Bed","Apartment"
"7855 Deer Springs Way, Las Vegas, NV 89131","2026/03/02",1621,"2 Beds","Apartment"
"7855 Deer Springs Way, Las Vegas, NV 89131","2026/03/02",2024,"3 Beds","Apartment"
"10695 Dean Martin Dr, Las Vegas, NV 89141","2026/03/02",1444,"1 Bed","Apartment"
"10695 Dean Martin Dr, Las Vegas, NV 89141","2026/03/02",1727,"2 Beds","Apartment"
"10695 Dean Martin Dr, Las Vegas, NV 89141","2026/03/02",1966,"3 Beds","Apartment"
"1061 E Flamingo Rd, Las Vegas, NV 89119","2026/03/02",1204,"1 Bed","Apartment"
"1061 E Flamingo Rd, Las Vegas, NV 89119","2026/03/02",1473,"2 Beds","Apartment"
"3550 Paradise Rd, Las Vegas, NV 89169","2026/03/02",2275,"Studio","Apartment"
"3550 Paradise Rd, Las Vegas, NV 89169","2026/03/02",2320,"1 Bed","Apartment"
"3550 Paradise Rd, Las Vegas, NV 89169","2026/03/02",2450,"2 Beds+","Apartment"
"10175 Spencer St, Las Vegas, NV 89183","2026/03/02",1362,"1 Bed","Apartment"
"10175 Spencer St, Las Vegas, NV 89183","2026/03/02",1603,"2 Beds","Apartment"
"10175 Spencer St, Las Vegas, NV 89183","2026/03/02",1965,"3 Beds","Apartment"
"3800 Wynn Rd, Las Vegas, NV 89103","2026/03/02",791,"1 Bed","Apartment"
"3800 Wynn Rd, Las Vegas, NV 89103","2026/03/02",1065,"2 Beds","Apartment"
"3800 Wynn Rd, Las Vegas, NV 89103","2026/03/02",1620,"3 Beds","Apartment"
"1450 E Harmon Ave, Las Vegas, NV 89119","2026/03/02",643,"",NA
"8680 Ensworth St, Las Vegas, NV 89123","2026/03/02",1795,"1 Bed","Apartment"
"8680 Ensworth St, Las Vegas, NV 89123","2026/03/02",2435,"2 Beds","Apartment"
"8680 Ensworth St, Las Vegas, NV 89123","2026/03/02",2750,"3 Beds","Apartment"
"6614 Blue Diamond Rd, Las Vegas, NV 89139","2026/03/02",1623,"1 Bed","Apartment"
"6614 Blue Diamond Rd, Las Vegas, NV 89139","2026/03/02",1549,"2 Beds","Apartment"
"6614 Blue Diamond Rd, Las Vegas, NV 89139","2026/03/02",2313,"3 Beds","Apartment"
"9400-9490 Bermuda Rd, Las Vegas, NV 89123","2026/03/02",1295,"1 Bed","Apartment"
"9400-9490 Bermuda Rd, Las Vegas, NV 89123","2026/03/02",1485,"2 Beds","Apartment"
"9400-9490 Bermuda Rd, Las Vegas, NV 89123","2026/03/02",2015,"3 Beds","Apartment"
"10750 El Camino Rd, Las Vegas, NV 89141","2026/03/02",1526,"1 Bed","Apartment"
"10750 El Camino Rd, Las Vegas, NV 89141","2026/03/02",1557,"2 Beds","Apartment"
"713 E Sahara Ave, Las Vegas, NV 89104","2026/03/02",999,"1 Bed","Apartment"
"713 E Sahara Ave, Las Vegas, NV 89104","2026/03/02",1400,"2 Beds","Apartment"
"713 E Sahara Ave, Las Vegas, NV 89104","2026/03/02",1850,"3 Beds","Apartment"
"3830 University Center Dr, Las Vegas, NV 89119","2026/03/02",950,"1 Bed","Apartment"
"3830 University Center Dr, Las Vegas, NV 89119","2026/03/02",1375,"2 Beds","Apartment"
"7880 W Maule Ave, Las Vegas, NV 89113","2026/03/02",1608,"1 Bed","Apartment"
"7880 W Maule Ave, Las Vegas, NV 89113","2026/03/02",1798,"2 Beds","Apartment"
"7880 W Maule Ave, Las Vegas, NV 89113","2026/03/02",2073,"3 Beds","Apartment"
"10192 S Maryland Pkwy, Las Vegas, NV 89183","2026/03/02",1435,"2 Beds","Apartment"
"10192 S Maryland Pkwy, Las Vegas, NV 89183","2026/03/02",1615,"3 Beds","Apartment"
"6650 E Russell Rd, Las Vegas, NV 89122","2026/03/02",1199,"1 Bed","Apartment"
"6650 E Russell Rd, Las Vegas, NV 89122","2026/03/02",1375,"2 Beds","Apartment"
"6650 E Russell Rd, Las Vegas, NV 89122","2026/03/02",1775,"3 Beds","Apartment"
"4330 S Eastern Ave, Las Vegas, NV 89119","2026/03/02",1125,"Studio","Apartment"
"4330 S Eastern Ave, Las Vegas, NV 89119","2026/03/02",1165,"1 Bed","Apartment"
"4330 S Eastern Ave, Las Vegas, NV 89119","2026/03/02",1299,"2 Beds","Apartment"
"3580 E Alexander Rd, Las Vegas, NV 89115","2026/03/02",1325,"1 Bed","Apartment"
"3580 E Alexander Rd, Las Vegas, NV 89115","2026/03/02",1475,"2 Beds","Apartment"
"3580 E Alexander Rd, Las Vegas, NV 89115","2026/03/02",1575,"3 Beds","Apartment"
"129 E Rome Blvd, North Las Vegas, NV 89084","2026/03/02",1868,"1 Bed","Apartment"
"129 E Rome Blvd, North Las Vegas, NV 89084","2026/03/02",2359,"2 Beds","Apartment"
"129 E Rome Blvd, North Las Vegas, NV 89084","2026/03/02",2700,"3 Beds","Apartment"
"1350 Kelso Dunes Ave, Henderson, NV 89014","2026/03/02",1619,"1 Bed","Apartment"
"1350 Kelso Dunes Ave, Henderson, NV 89014","2026/03/02",1686,"2 Beds","Apartment"
"540 W Horizon Ridge Pky, Henderson, NV 89012","2026/03/02",2102,"2 Beds","Apartment"
"540 W Horizon Ridge Pky, Henderson, NV 89012","2026/03/02",2307,"3 Beds","Apartment"
"3125 N Boulder Hwy, Henderson, NV 89011","2026/03/02",1514,"1 Bed","Apartment"
"3125 N Boulder Hwy, Henderson, NV 89011","2026/03/02",2065,"2 Beds","Apartment"
"3125 N Boulder Hwy, Henderson, NV 89011","2026/03/02",2590,"3 Beds","Apartment"
"3001 W Warm Springs Rd, Henderson, NV 89014","2026/03/02",1321,"1 Bed","Apartment"
"3001 W Warm Springs Rd, Henderson, NV 89014","2026/03/02",1435,"2 Beds","Apartment"
"3001 W Warm Springs Rd, Henderson, NV 89014","2026/03/02",1830,"3 Beds","Apartment"
"4249 N Commerce St, North Las Vegas, NV 89032","2026/03/02",977,"1 Bed","Apartment"
"4249 N Commerce St, North Las Vegas, NV 89032","2026/03/02",1305,"2 Beds","Apartment"
"4249 N Commerce St, North Las Vegas, NV 89032","2026/03/02",1404,"3 Beds","Apartment"
"4375 E Sunset Rd, Henderson, NV 89014","2026/03/02",1399,"1 Bed","Apartment"
"4375 E Sunset Rd, Henderson, NV 89014","2026/03/02",1534,"2 Beds","Apartment"
"5453 S Durango Dr, Las Vegas, NV 89113","2026/03/02",1525,"1 Bed","Apartment"
"5453 S Durango Dr, Las Vegas, NV 89113","2026/03/02",1865,"2 Beds","Apartment"
"451 Crestdale Ln, Las Vegas, NV 89144","2026/03/02",1894,"2 Beds","Apartment"
"451 Crestdale Ln, Las Vegas, NV 89144","2026/03/02",2348,"3 Beds","Apartment"
"3132 N Jones Blvd, Las Vegas, NV 89108","2026/03/02",1450,"1 Bed","Apartment"
"3132 N Jones Blvd, Las Vegas, NV 89108","2026/03/02",1729,"2 Beds","Apartment"
"4521 E Bonanza Rd, Las Vegas, NV 89110","2026/03/02",1125,"1 Bed","Apartment"
"4521 E Bonanza Rd, Las Vegas, NV 89110","2026/03/02",1375,"2 Beds","Apartment"
"2855 N Walnut Rd, Las Vegas, NV 89115","2026/03/02",1119,"Studio","Apartment"
"2855 N Walnut Rd, Las Vegas, NV 89115","2026/03/02",1268,"1 Bed","Apartment"
"2855 N Walnut Rd, Las Vegas, NV 89115","2026/03/02",1694,"2 Beds","Apartment"
"3955 Algonquin Dr, Las Vegas, NV 89119","2026/03/02",1287,"1 Bed","Apartment"
"3955 Algonquin Dr, Las Vegas, NV 89119","2026/03/02",1387,"2 Beds","Apartment"
"3955 Algonquin Dr, Las Vegas, NV 89119","2026/03/02",1912,"3 Beds","Apartment"
"9005 W Oquendo Rd, Las Vegas, NV 89148","2026/03/02",1505,"1 Bed","Apartment"
"9005 W Oquendo Rd, Las Vegas, NV 89148","2026/03/02",1835,"2 Beds","Apartment"
"10493 Jellison Ave, Las Vegas, NV 89166","2026/03/02",2405,"2 Beds","Apartment"
"10493 Jellison Ave, Las Vegas, NV 89166","2026/03/02",2400,"3 Beds","Apartment"
"10925 Southern Highlands Pky, Las Vegas, NV 89141","2026/03/02",1401,"1 Bed","Apartment"
"10925 Southern Highlands Pky, Las Vegas, NV 89141","2026/03/02",1681,"2 Beds","Apartment"
"10925 Southern Highlands Pky, Las Vegas, NV 89141","2026/03/02",2021,"3 Beds","Apartment"
"9314 W Russell Rd, Las Vegas, NV 89148","2026/03/02",1375,"1 Bed","Apartment"
"9314 W Russell Rd, Las Vegas, NV 89148","2026/03/02",1765,"2 Beds","Apartment"
"9314 W Russell Rd, Las Vegas, NV 89148","2026/03/02",2025,"3 Beds","Apartment"
"10151 Dorrell Ln, Las Vegas, NV 89166","2026/03/02",1406,"1 Bed","Apartment"
"10151 Dorrell Ln, Las Vegas, NV 89166","2026/03/02",1686,"2 Beds","Apartment"
"10151 Dorrell Ln, Las Vegas, NV 89166","2026/03/02",2026,"3 Beds","Apartment"
"650 S Town Center Dr, Las Vegas, NV 89144","2026/03/02",1585,"1 Bed","Apartment"
"650 S Town Center Dr, Las Vegas, NV 89144","2026/03/02",1750,"2 Beds","Apartment"
"650 S Town Center Dr, Las Vegas, NV 89144","2026/03/02",2391,"3 Beds","Apartment"
"7800 S Rainbow Blvd, Las Vegas, NV 89139","2026/03/02",1428,"1 Bed","Apartment"
"7800 S Rainbow Blvd, Las Vegas, NV 89139","2026/03/02",1633,"2 Beds","Apartment"
"5055 Tamarus St, Las Vegas, NV 89119","2026/03/02",1233,"1 Bed","Apartment"
"5055 Tamarus St, Las Vegas, NV 89119","2026/03/02",1304,"2 Beds","Apartment"
"8251 W Sunset Rd, Las Vegas, NV 89113","2026/03/02",1536,"1 Bed","Apartment"
"8251 W Sunset Rd, Las Vegas, NV 89113","2026/03/02",1896,"2 Beds","Apartment"
"9265 W Russell Rd, Las Vegas, NV 89148","2026/03/02",2121,"1 Bed","Apartment"
"9265 W Russell Rd, Las Vegas, NV 89148","2026/03/02",1946,"2 Beds","Apartment"
"9265 W Russell Rd, Las Vegas, NV 89148","2026/03/02",3091,"3 Beds","Apartment"
"8610 S Maryland Pky, Las Vegas, NV 89123","2026/03/02",1364,"1 Bed","Apartment"
"8610 S Maryland Pky, Las Vegas, NV 89123","2026/03/02",1599,"2 Beds","Apartment"
"8610 S Maryland Pky, Las Vegas, NV 89123","2026/03/02",1929,"3 Beds","Apartment"
"10000 S Maryland Pky, Las Vegas, NV 89183","2026/03/02",1408,"1 Bed","Apartment"
"10000 S Maryland Pky, Las Vegas, NV 89183","2026/03/02",1738,"2 Beds","Apartment"
"10000 S Maryland Pky, Las Vegas, NV 89183","2026/03/02",2048,"3 Beds","Apartment"
"4700 S Maryland Pky, Las Vegas, NV 89119","2026/03/02",1120,"1 Bed","Apartment"
"4700 S Maryland Pky, Las Vegas, NV 89119","2026/03/02",1309,"2 Beds","Apartment"
"2601 S Pavilion Center Dr, Las Vegas, NV 89135","2026/03/02",1657,"1 Bed","Apartment"
"2601 S Pavilion Center Dr, Las Vegas, NV 89135","2026/03/02",1845,"2 Beds","Apartment"
"2601 S Pavilion Center Dr, Las Vegas, NV 89135","2026/03/02",1857,"3 Beds","Apartment"
"4700 W Rochelle Ave, Las Vegas, NV 89103","2026/03/02",1444,"1 Bed","Apartment"
"4700 W Rochelle Ave, Las Vegas, NV 89103","2026/03/02",1644,"2 Beds","Apartment"
"9850 Bermuda Rd, Las Vegas, NV 89183","2026/03/02",1327,"1 Bed","Apartment"
"9850 Bermuda Rd, Las Vegas, NV 89183","2026/03/02",1594,"2 Beds","Apartment"
"3925 S Jones Blvd, Las Vegas, NV 89103","2026/03/02",1276,"Studio","Apartment"
"3925 S Jones Blvd, Las Vegas, NV 89103","2026/03/02",1244,"1 Bed","Apartment"
"3925 S Jones Blvd, Las Vegas, NV 89103","2026/03/02",1516,"2 Beds","Apartment"
"3937 Spencer St, Las Vegas, NV 89119","2026/03/02",1168,"1 Bed","Apartment"
"3937 Spencer St, Las Vegas, NV 89119","2026/03/02",1268,"2 Beds","Apartment"
"3937 Spencer St, Las Vegas, NV 89119","2026/03/02",1595,"3 Beds","Apartment"
"3200 Mcleod Dr, Las Vegas, NV 89121","2026/03/02",1316,"1 Bed","Apartment"
"3200 Mcleod Dr, Las Vegas, NV 89121","2026/03/02",1399,"2 Beds","Apartment"
"250 S City Pky, Las Vegas, NV 89106","2026/03/02",1596,"Studio","Apartment"
"250 S City Pky, Las Vegas, NV 89106","2026/03/02",1754,"1 Bed","Apartment"
"250 S City Pky, Las Vegas, NV 89106","2026/03/02",2240,"2 Beds","Apartment"
"3355 S Town Center Dr, Las Vegas, NV 89135","2026/03/02",1589,"1 Bed","Apartment"
"3355 S Town Center Dr, Las Vegas, NV 89135","2026/03/02",1723,"2 Beds","Apartment"
"9901 W Sahara Ave, Las Vegas, NV 89117","2026/03/02",1375,"1 Bed","Apartment"
"9901 W Sahara Ave, Las Vegas, NV 89117","2026/03/02",1575,"2 Beds","Apartment"
"6355 S Durango Dr, Las Vegas, NV 89113","2026/03/02",1444,"1 Bed","Apartment"
"6355 S Durango Dr, Las Vegas, NV 89113","2026/03/02",1663,"2 Beds","Apartment"
"6355 S Durango Dr, Las Vegas, NV 89113","2026/03/02",1879,"3 Beds","Apartment"
"11611 S Las Vegas Blvd, Las Vegas, NV 89183","2026/03/02",1613,"1 Bed","Apartment"
"11611 S Las Vegas Blvd, Las Vegas, NV 89183","2026/03/02",1897,"2 Beds","Apartment"
"11611 S Las Vegas Blvd, Las Vegas, NV 89183","2026/03/02",2167,"3 Beds","Apartment"
"4515 S Durango Dr, Las Vegas, NV 89147","2026/03/02",1357,"1 Bed","Apartment"
"4515 S Durango Dr, Las Vegas, NV 89147","2026/03/02",1404,"2 Beds","Apartment"
"4515 S Durango Dr, Las Vegas, NV 89147","2026/03/02",1792,"3 Beds","Apartment"
"1350 N Town Center Dr, Las Vegas, NV 89144","2026/03/02",1550,"1 Bed","Apartment"
"1350 N Town Center Dr, Las Vegas, NV 89144","2026/03/02",1700,"2 Beds","Apartment"
"4550 W Sahara Ave, Las Vegas, NV 89102","2026/03/02",1169,"1 Bed","Apartment"
"4550 W Sahara Ave, Las Vegas, NV 89102","2026/03/02",1400,"2 Beds","Apartment"
"3335 Hauck St, Las Vegas, NV 89146","2026/03/02",1237,"1 Bed","Apartment"
"3335 Hauck St, Las Vegas, NV 89146","2026/03/02",1300,"2 Beds","Apartment"
"7531 Tule Springs Rd, Las Vegas, NV 89131","2026/03/02",1587,"1 Bed","Apartment"
"7531 Tule Springs Rd, Las Vegas, NV 89131","2026/03/02",1826,"2 Beds","Apartment"
"3210 S Sandhill Rd, Las Vegas, NV 89121","2026/03/02",1229,"1 Bed","Apartment"
"3210 S Sandhill Rd, Las Vegas, NV 89121","2026/03/02",1241,"2 Beds","Apartment"
"8450 W Charleston Blvd, Las Vegas, NV 89117","2026/03/02",1499,"1 Bed","Apartment"
"8450 W Charleston Blvd, Las Vegas, NV 89117","2026/03/02",1597,"2 Beds","Apartment"
"346 Sturgeon Ln, Las Vegas, NV 89110","2026/03/02",1195,"1 Bed","Apartment"
"346 Sturgeon Ln, Las Vegas, NV 89110","2026/03/02",1260,"2 Beds","Apartment"
"346 Sturgeon Ln, Las Vegas, NV 89110","2026/03/02",1620,"3 Beds","Apartment"
"2683 S Decatur Blvd, Las Vegas, NV 89102","2026/03/02",1064,"1 Bed","Apartment"
"2683 S Decatur Blvd, Las Vegas, NV 89102","2026/03/02",1375,"2 Beds","Apartment"
"7340 W Russell Rd, Las Vegas, NV 89113","2026/03/02",1329,"1 Bed","Apartment"
"7340 W Russell Rd, Las Vegas, NV 89113","2026/03/02",1465,"2 Beds","Apartment"
"7340 W Russell Rd, Las Vegas, NV 89113","2026/03/02",2754,"3 Beds","Apartment"
"3663 W Cactus Ave, Las Vegas, NV 89141","2026/03/02",1551,"1 Bed","Apartment"
"3663 W Cactus Ave, Las Vegas, NV 89141","2026/03/02",1896,"2 Beds","Apartment"
"3663 W Cactus Ave, Las Vegas, NV 89141","2026/03/02",2236,"3 Beds","Apartment"
"5355 S Rainbow Blvd, Las Vegas, NV 89118","2026/03/02",1369,"1 Bed","Apartment"
"5355 S Rainbow Blvd, Las Vegas, NV 89118","2026/03/02",1553,"2 Beds","Apartment"
"5419 W Tropicana Ave, Las Vegas, NV 89103","2026/03/02",1266,"1 Bed","Apartment"
"5419 W Tropicana Ave, Las Vegas, NV 89103","2026/03/02",1412,"2 Beds","Apartment"
"3030 Robert Trent Jones Ln, Las Vegas, NV 89141","2026/03/02",1577,"1 Bed","Apartment"
"3030 Robert Trent Jones Ln, Las Vegas, NV 89141","2026/03/02",1799,"2 Beds","Apartment"
"3030 Robert Trent Jones Ln, Las Vegas, NV 89141","2026/03/02",2545,"3 Beds","Apartment"
"7600 S Rainbow Blvd, Las Vegas, NV 89139","2026/03/02",1500,"1 Bed","Apartment"
"7600 S Rainbow Blvd, Las Vegas, NV 89139","2026/03/02",1714,"2 Beds","Apartment"
"5001 El Parque Ave, Las Vegas, NV 89146","2026/03/02",1425,"1 Bed","Apartment"
"5001 El Parque Ave, Las Vegas, NV 89146","2026/03/02",1207,"2 Beds","Apartment"
"4150 S Hualapai Way, Las Vegas, NV 89147","2026/03/02",1346,"Studio","Apartment"
"4150 S Hualapai Way, Las Vegas, NV 89147","2026/03/02",1486,"1 Bed","Apartment"
"4150 S Hualapai Way, Las Vegas, NV 89147","2026/03/02",1842,"2 Beds+","Apartment"
"4480 Meadows Ln, Las Vegas, NV 89107","2026/03/02",1605,"Studio","Apartment"
"4480 Meadows Ln, Las Vegas, NV 89107","2026/03/02",1669,"1 Bed","Apartment"
"4480 Meadows Ln, Las Vegas, NV 89107","2026/03/02",2050,"2 Beds","Apartment"
"1755 Palm St, Las Vegas, NV 89104","2026/03/02",926,"1 Bed","Apartment"
"1755 Palm St, Las Vegas, NV 89104","2026/03/02",1365,"2 Beds","Apartment"
"1601 E Katie Ave, Las Vegas, NV 89119","2026/03/02",1229,"1 Bed","Apartment"
"1601 E Katie Ave, Las Vegas, NV 89119","2026/03/02",1757,"2 Beds","Apartment"
"4855 Vegas Valley Dr, Las Vegas, NV 89121","2026/03/02",1157,"1 Bed","Apartment"
"4855 Vegas Valley Dr, Las Vegas, NV 89121","2026/03/02",1282,"2 Beds","Apartment"
"4855 Vegas Valley Dr, Las Vegas, NV 89121","2026/03/02",1582,"3 Beds","Apartment"
"1799 N Decatur Blvd, Las Vegas, NV 89108","2026/03/02",1180,"1 Bed","Apartment"
"1799 N Decatur Blvd, Las Vegas, NV 89108","2026/03/02",1300,"2 Beds","Apartment"
"1511 S Casino Center Blvd, Las Vegas, NV 89104","2026/03/02",814,"",NA
"6415-6453 Casada Way, Las Vegas, NV 89107","2026/03/02",825,"Studio","Apartment"
"6415-6453 Casada Way, Las Vegas, NV 89107","2026/03/02",1110,"1 Bed","Apartment"
"6415-6453 Casada Way, Las Vegas, NV 89107","2026/03/02",1275,"2 Beds","Apartment"
"1020 E Desert Inn Rd, Las Vegas, NV 89109","2026/03/02",999,"Studio","Apartment"
"1020 E Desert Inn Rd, Las Vegas, NV 89109","2026/03/02",1120,"1 Bed","Apartment"
"1020 E Desert Inn Rd, Las Vegas, NV 89109","2026/03/02",1360,"2 Beds","Apartment"
"2180 E Warm Springs Rd, Las Vegas, NV 89119","2026/03/02",1340,"1 Bed","Apartment"
"2180 E Warm Springs Rd, Las Vegas, NV 89119","2026/03/02",1503,"2 Beds","Apartment"
"2180 E Warm Springs Rd, Las Vegas, NV 89119","2026/03/02",1956,"3 Beds","Apartment"
"3768 Howard Hughes Pky, Las Vegas, NV 89169","2026/03/02",1316,"Studio","Apartment"
"3768 Howard Hughes Pky, Las Vegas, NV 89169","2026/03/02",1340,"1 Bed","Apartment"
"3768 Howard Hughes Pky, Las Vegas, NV 89169","2026/03/02",2008,"2 Beds+","Apartment"
"1801 N Green Valley Pky, Las Vegas, NV 89074","2026/03/02",1200,"1 Bed","Apartment"
"1801 N Green Valley Pky, Las Vegas, NV 89074","2026/03/02",1295,"2 Beds","Apartment"
"4450 S Hualapai Way, Las Vegas, NV 89147","2026/03/02",1546,"1 Bed","Apartment"
"4450 S Hualapai Way, Las Vegas, NV 89147","2026/03/02",1582,"2 Beds","Apartment"
"4450 S Hualapai Way, Las Vegas, NV 89147","2026/03/02",1985,"3 Beds","Apartment"
NA,NA,NA,NA,NA
"1900 E Tropicana Ave, Las Vegas, NV 89119","2026/03/02",910,"1 Bed","Apartment"
"1900 E Tropicana Ave, Las Vegas, NV 89119","2026/03/02",1050,"2 Beds","Apartment"
"1900 E Tropicana Ave, Las Vegas, NV 89119","2026/03/02",1435,"3 Beds","Apartment"
"5370 E Craig Rd, Las Vegas, NV 89115","2026/03/02",999,"1 Bed","Apartment"
"5370 E Craig Rd, Las Vegas, NV 89115","2026/03/02",1350,"2 Beds","Apartment"
"5370 E Craig Rd, Las Vegas, NV 89115","2026/03/02",1566,"3 Beds","Apartment"
"2635 Karen Ct, Las Vegas, NV 89109","2026/03/02",900,"Studio","Apartment"
"2635 Karen Ct, Las Vegas, NV 89109","2026/03/02",955,"1 Bed","Apartment"
"2635 Karen Ct, Las Vegas, NV 89109","2026/03/02",1167,"2 Beds+","Apartment"
"5421 E Harmon Ave, Las Vegas, NV 89122","2026/03/02",805,"Studio","Apartment"
"5421 E Harmon Ave, Las Vegas, NV 89122","2026/03/02",830,"1 Bed","Apartment"
"5421 E Harmon Ave, Las Vegas, NV 89122","2026/03/02",1220,"2 Beds","Apartment"
"1600 S Valley View Blvd, Las Vegas, NV 89102","2026/03/02",1112,"1 Bed","Apartment"
"1600 S Valley View Blvd, Las Vegas, NV 89102","2026/03/02",1417,"2 Beds","Apartment"
"3975 N Nellis Blvd, Las Vegas, NV 89115","2026/03/02",1296,"1 Bed","Apartment"
"3975 N Nellis Blvd, Las Vegas, NV 89115","2026/03/02",1407,"2 Beds","Apartment"
"3975 N Nellis Blvd, Las Vegas, NV 89115","2026/03/02",1644,"3 Beds","Apartment"
"2660 N Buffalo Dr, Las Vegas, NV 89128","2026/03/02",1199,"Studio","Apartment"
"2660 N Buffalo Dr, Las Vegas, NV 89128","2026/03/02",1200,"1 Bed","Apartment"
"2660 N Buffalo Dr, Las Vegas, NV 89128","2026/03/02",1665,"2 Beds+","Apartment"
"3955 E Charleston Blvd, Las Vegas, NV 89104","2026/03/02",1155,"1 Bed","Apartment"
"3955 E Charleston Blvd, Las Vegas, NV 89104","2026/03/02",1090,"2 Beds","Apartment"
"1001 Dumont Blvd, Las Vegas, NV 89169","2026/03/02",910,"1 Bed","Apartment"
"1001 Dumont Blvd, Las Vegas, NV 89169","2026/03/02",1215,"2 Beds","Apartment"
"3770 University Center Dr, Las Vegas, NV 89119","2026/03/02",714,"Studio","Apartment"
"3770 University Center Dr, Las Vegas, NV 89119","2026/03/02",864,"1 Bed","Apartment"
"1111 S Cimarron Rd, Las Vegas, NV 89117","2026/03/02",1445,"1 Bed","Apartment"
"1111 S Cimarron Rd, Las Vegas, NV 89117","2026/03/02",1645,"2 Beds","Apartment"
"6570 W Flamingo Rd, Las Vegas, NV 89103","2026/03/02",1500,"2 Beds",NA
"3540 N Hualapai Way, Las Vegas, NV 89129","2026/03/02",1320,"1 Bed","Apartment"
"3540 N Hualapai Way, Las Vegas, NV 89129","2026/03/02",1605,"2 Beds","Apartment"
"3540 N Hualapai Way, Las Vegas, NV 89129","2026/03/02",1711,"3 Beds","Apartment"
"2800 S Lamb Blvd, Las Vegas, NV 89121","2026/03/02",1550,"3 Beds",NA
"7099 N Hualapai Way, Las Vegas, NV 89166","2026/03/02",1810,"1 Bed","Apartment"
"7099 N Hualapai Way, Las Vegas, NV 89166","2026/03/02",1898,"2 Beds","Apartment"
"6931 Plentiful Spring Ct, Las Vegas, NV 89179","2026/03/02",2300,"2 Beds","Apartment"
"6931 Plentiful Spring Ct, Las Vegas, NV 89179","2026/03/02",2445,"3 Beds","Apartment"
"8445 Las Vegas Blvd S, Las Vegas, NV 89123","2026/03/02",1300,"1 Bed","Apartment"
"8445 Las Vegas Blvd S, Las Vegas, NV 89123","2026/03/02",1600,"2 Beds","Apartment"
"8445 Las Vegas Blvd S, Las Vegas, NV 89123","2026/03/02",1950,"3 Beds","Apartment"
"9051 Echelon Point Dr, Las Vegas, NV 89149","2026/03/02",1970,"1 Bed","Apartment"
"9051 Echelon Point Dr, Las Vegas, NV 89149","2026/03/02",2400,"2 Beds","Apartment"
"2251 S Fort Apache Rd, Las Vegas, NV 89117","2026/03/02",1495,"1 Bed","Apartment"
"2251 S Fort Apache Rd, Las Vegas, NV 89117","2026/03/02",1647,"2 Beds","Apartment"
"2251 S Fort Apache Rd, Las Vegas, NV 89117","2026/03/02",1989,"3 Beds","Apartment"
"3150 S Decatur Blvd, Las Vegas, NV 89102","2026/03/02",1260,"1 Bed","Apartment"
"3150 S Decatur Blvd, Las Vegas, NV 89102","2026/03/02",1195,"2 Beds","Apartment"
"3150 S Decatur Blvd, Las Vegas, NV 89102","2026/03/02",1605,"3 Beds","Apartment"
"2720 W Serene Ave, Las Vegas, NV 89123","2026/03/02",1585,"1 Bed","Apartment"
"2720 W Serene Ave, Las Vegas, NV 89123","2026/03/02",1720,"2 Beds","Apartment"
"2720 W Serene Ave, Las Vegas, NV 89123","2026/03/02",2015,"3 Beds","Apartment"
"60 N Pecos Rd, Las Vegas, NV 89101","2026/03/02",1135,"1 Bed","Apartment"
"60 N Pecos Rd, Las Vegas, NV 89101","2026/03/02",1290,"2 Beds","Apartment"
"60 N Pecos Rd, Las Vegas, NV 89101","2026/03/02",1585,"3 Beds","Apartment"
"5500 Mountain Vista St, Las Vegas, NV 89120","2026/03/02",1133,"1 Bed","Apartment"
"5500 Mountain Vista St, Las Vegas, NV 89120","2026/03/02",1262,"2 Beds","Apartment"
"4316 E Tropicana Ave, Las Vegas, NV 89121","2026/03/02",1225,"2 Beds",NA
"7545 Oso Blanca Rd, Las Vegas, NV 89149","2026/03/02",1229,"1 Bed","Apartment"
"7545 Oso Blanca Rd, Las Vegas, NV 89149","2026/03/02",1629,"2 Beds","Apartment"
"3150 W Twain Ave, Las Vegas, NV 89103","2026/03/02",1390,"1 Bed","Apartment"
"3150 W Twain Ave, Las Vegas, NV 89103","2026/03/02",2104,"2 Beds","Apartment"
"3150 W Twain Ave, Las Vegas, NV 89103","2026/03/02",2770,"3 Beds","Apartment"
"3140 St Rose Pky, Las Vegas, NV 89183","2026/03/02",1364,"1 Bed","Apartment"
"3140 St Rose Pky, Las Vegas, NV 89183","2026/03/02",1689,"2 Beds","Apartment"
"3140 St Rose Pky, Las Vegas, NV 89183","2026/03/02",2326,"3 Beds","Apartment"
"7000 S Paradise Rd, Las Vegas, NV 89119","2026/03/02",1317,"1 Bed","Apartment"
"7000 S Paradise Rd, Las Vegas, NV 89119","2026/03/02",1347,"2 Beds","Apartment"
"7000 S Paradise Rd, Las Vegas, NV 89119","2026/03/02",1527,"3 Beds","Apartment"
"4080 W Twain Ave, Las Vegas, NV 89103","2026/03/02",1378,"1 Bed","Apartment"
"4080 W Twain Ave, Las Vegas, NV 89103","2026/03/02",1438,"2 Beds","Apartment"
"4080 W Twain Ave, Las Vegas, NV 89103","2026/03/02",1632,"3 Beds","Apartment"
"8440 Westcliff Dr, Las Vegas, NV 89145","2026/03/02",1323,"1 Bed","Apartment"
"8440 Westcliff Dr, Las Vegas, NV 89145","2026/03/02",1385,"2 Beds","Apartment"
"8440 Westcliff Dr, Las Vegas, NV 89145","2026/03/02",1726,"3 Beds","Apartment"
"5600 Boulder Hwy, Las Vegas, NV 89122","2026/03/02",1182,"Studio","Apartment"
"5600 Boulder Hwy, Las Vegas, NV 89122","2026/03/02",1222,"1 Bed","Apartment"
"5600 Boulder Hwy, Las Vegas, NV 89122","2026/03/02",1662,"2 Beds","Apartment"
"7017 S Buffalo Dr, Las Vegas, NV 89113","2026/03/02",1399,"1 Bed","Apartment"
"7017 S Buffalo Dr, Las Vegas, NV 89113","2026/03/02",1599,"2 Beds","Apartment"
"7017 S Buffalo Dr, Las Vegas, NV 89113","2026/03/02",1949,"3 Beds","Apartment"
"7230 Las Vegas Blvd S, Las Vegas, NV 89119","2026/03/02",1605,"1 Bed","Apartment"
"7230 Las Vegas Blvd S, Las Vegas, NV 89119","2026/03/02",1885,"2 Beds","Apartment"
"1121 Lulu Ave, Las Vegas, NV 89119","2026/03/02",895,"1 Bed","Apartment"
"1121 Lulu Ave, Las Vegas, NV 89119","2026/03/02",1000,"2 Beds","Apartment"
"1121 Lulu Ave, Las Vegas, NV 89119","2026/03/02",1420,"3 Beds","Apartment"
"655 Sierra Vista Dr, Las Vegas, NV 89169","2026/03/02",850,"3 Beds",NA
"2200 Club Pacific Way, Las Vegas, NV 89128","2026/03/02",1284,"2 Beds","Apartment"
"2200 Club Pacific Way, Las Vegas, NV 89128","2026/03/02",1686,"3 Beds","Apartment"
"3333 N Michael Way, Las Vegas, NV 89108","2026/03/02",899,"1 Bed","Apartment"
"3333 N Michael Way, Las Vegas, NV 89108","2026/03/02",1225,"2 Beds","Apartment"
"601-625 N 13th St, Las Vegas, NV 89101","2026/03/02",1105,"2 Beds","Apartment"
"601-625 N 13th St, Las Vegas, NV 89101","2026/03/02",1435,"3 Beds","Apartment"
"1700 N Lamb Blvd, Las Vegas, NV 89115","2026/03/02",1125,"3 Beds",NA
"2255 E Sunset Rd, Las Vegas, NV 89119","2026/03/02",911,"Studio","Apartment"
"2255 E Sunset Rd, Las Vegas, NV 89119","2026/03/02",1111,"1 Bed","Apartment"
"2255 E Sunset Rd, Las Vegas, NV 89119","2026/03/02",1267,"2 Beds+","Apartment"
"2405-2475 W Serene Ave, Las Vegas, NV 89123","2026/03/02",1210,"1 Bed","Apartment"
"2405-2475 W Serene Ave, Las Vegas, NV 89123","2026/03/02",1075,"2 Beds","Apartment"
NA,NA,NA,NA,NA
"6363 Clarice Ave, Las Vegas, NV 89107","2026/03/02",1024,"1 Bed","Apartment"
"6363 Clarice Ave, Las Vegas, NV 89107","2026/03/02",1115,"2 Beds","Apartment"
"6363 Clarice Ave, Las Vegas, NV 89107","2026/03/02",1455,"3 Beds","Apartment"
"2540 Fremont St, Las Vegas, NV 89104","2026/03/02",776,"3 Beds",NA
"2629 Wyandotte St, Las Vegas, NV 89102","2026/03/02",876,"1 Bed","Apartment"
"2629 Wyandotte St, Las Vegas, NV 89102","2026/03/02",1397,"2 Beds","Apartment"
"4550 Karen Ave, Las Vegas, NV 89121","2026/03/02",1235,"2 Beds","Apartment"
"4550 Karen Ave, Las Vegas, NV 89121","2026/03/02",1385,"3 Beds","Apartment"
"1055 E Tropicana Ave, Las Vegas, NV 89119","2026/03/02",1755,"1 Bed","Apartment"
"1055 E Tropicana Ave, Las Vegas, NV 89119","2026/03/02",1085,"2 Beds","Apartment"
"1055 E Tropicana Ave, Las Vegas, NV 89119","2026/03/02",925,"3 Beds+","Apartment"
"5024 Broken Sound Dr, Las Vegas, NV 89110","2026/03/02",947,"1 Bed","Apartment"
"5024 Broken Sound Dr, Las Vegas, NV 89110","2026/03/02",1175,"2 Beds","Apartment"
"50 N 21st St, Las Vegas, NV 89101","2026/03/02",599,"Studio","Apartment"
"50 N 21st St, Las Vegas, NV 89101","2026/03/02",719,"1 Bed","Apartment"
"930 Carnegie St, Henderson, NV 89052","2026/03/02",1634,"1 Bed","Apartment"
"930 Carnegie St, Henderson, NV 89052","2026/03/02",1740,"2 Beds","Apartment"
"930 Carnegie St, Henderson, NV 89052","2026/03/02",2304,"3 Beds","Apartment"
"3949 W Alexander Rd, North Las Vegas, NV 89032","2026/03/02",1319,"Studio","Apartment"
"3949 W Alexander Rd, North Las Vegas, NV 89032","2026/03/02",1410,"1 Bed","Apartment"
"3949 W Alexander Rd, North Las Vegas, NV 89032","2026/03/02",1585,"2 Beds","Apartment"
"225 S Stephanie St, Henderson, NV 89012","2026/03/02",1343,"1 Bed","Apartment"
"225 S Stephanie St, Henderson, NV 89012","2026/03/02",1483,"2 Beds","Apartment"
"3370 St Rose Pky, Henderson, NV 89052","2026/03/02",1355,"1 Bed","Apartment"
"3370 St Rose Pky, Henderson, NV 89052","2026/03/02",1737,"2 Beds","Apartment"
"3370 St Rose Pky, Henderson, NV 89052","2026/03/02",1954,"3 Beds","Apartment"
"7410 Kingsley Cove Ln, North Las Vegas, NV 89084","2026/03/02",2275,"2 Beds","Apartment"
"7410 Kingsley Cove Ln, North Las Vegas, NV 89084","2026/03/02",2520,"3 Beds","Apartment"
"2655 E Deer Springs Way, North Las Vegas, NV 89086","2026/03/02",1359,"1 Bed","Apartment"
"2655 E Deer Springs Way, North Las Vegas, NV 89086","2026/03/02",1559,"2 Beds","Apartment"
"2655 E Deer Springs Way, North Las Vegas, NV 89086","2026/03/02",1989,"3 Beds","Apartment"
"595 S Green Valley Pky, Henderson, NV 89012","2026/03/02",1350,"1 Bed","Apartment"
"595 S Green Valley Pky, Henderson, NV 89012","2026/03/02",1600,"2 Beds","Apartment"
"4325 W Rome Blvd, North Las Vegas, NV 89084","2026/03/02",1417,"1 Bed","Apartment"
"4325 W Rome Blvd, North Las Vegas, NV 89084","2026/03/02",1577,"2 Beds","Apartment"
"4325 W Rome Blvd, North Las Vegas, NV 89084","2026/03/02",2052,"3 Beds","Apartment"
NA,NA,NA,NA,NA
"1895 N Green Valley Pky, Henderson, NV 89074","2026/03/02",1202,"1 Bed","Apartment"
"1895 N Green Valley Pky, Henderson, NV 89074","2026/03/02",1529,"2 Beds","Apartment"
"2125 N Las Vegas Blvd, North Las Vegas, NV 89030","2026/03/02",970,"1 Bed","Apartment"
"2125 N Las Vegas Blvd, North Las Vegas, NV 89030","2026/03/02",1194,"2 Beds","Apartment"
"2125 N Las Vegas Blvd, North Las Vegas, NV 89030","2026/03/02",1390,"3 Beds","Apartment"
"2312 N Green Valley Pky, Henderson, NV 89014","2026/03/02",1395,"1 Bed","Apartment"
"2312 N Green Valley Pky, Henderson, NV 89014","2026/03/02",1518,"2 Beds","Apartment"
"1349 W Horizon Ridge Pky, Henderson, NV 89012","2026/03/02",1258,"1 Bed","Apartment"
"1349 W Horizon Ridge Pky, Henderson, NV 89012","2026/03/02",1466,"2 Beds","Apartment"
"1349 W Horizon Ridge Pky, Henderson, NV 89012","2026/03/02",1764,"3 Beds","Apartment"
"770 W Lone Mountain Rd, North Las Vegas, NV 89031","2026/03/02",1367,"2 Beds","Apartment"
"770 W Lone Mountain Rd, North Las Vegas, NV 89031","2026/03/02",1731,"3 Beds","Apartment"
"1100 N Center St, Henderson, NV 89015","2026/03/02",1200,"1 Bed","Apartment"
"1100 N Center St, Henderson, NV 89015","2026/03/02",1274,"2 Beds","Apartment"
"1100 N Center St, Henderson, NV 89015","2026/03/02",1435,"3 Beds","Apartment"
"2950 N Green Valley Pky, Henderson, NV 89014","2026/03/02",1395,"1 Bed","Apartment"
"2950 N Green Valley Pky, Henderson, NV 89014","2026/03/02",1600,"2 Beds","Apartment"
"2950 N Green Valley Pky, Henderson, NV 89014","2026/03/02",1825,"3 Beds","Apartment"
"625 Whitney Ranch Dr, Henderson, NV 89014","2026/03/02",1202,"1 Bed","Apartment"
"625 Whitney Ranch Dr, Henderson, NV 89014","2026/03/02",1379,"2 Beds","Apartment"
"625 Whitney Ranch Dr, Henderson, NV 89014","2026/03/02",1648,"3 Beds","Apartment"
"3125 Warm Springs Rd, Henderson, NV 89014","2026/03/02",1326,"1 Bed","Apartment"
"3125 Warm Springs Rd, Henderson, NV 89014","2026/03/02",1396,"2 Beds","Apartment"
"3125 Warm Springs Rd, Henderson, NV 89014","2026/03/02",1705,"3 Beds","Apartment"
"125 E Regina Ave, North Las Vegas, NV 89031","2026/03/02",1550,"1 Bed","Apartment"
"125 E Regina Ave, North Las Vegas, NV 89031","2026/03/02",1750,"2 Beds","Apartment"
"985 Wigwam Pky, Henderson, NV 89014","2026/03/02",1539,"1 Bed","Apartment"
"985 Wigwam Pky, Henderson, NV 89014","2026/03/02",1638,"2 Beds","Apartment"
"985 Wigwam Pky, Henderson, NV 89014","2026/03/02",2048,"3 Beds","Apartment"
"1070 Wellness Pl, Henderson, NV 89011","2026/03/02",1290,"Studio","Apartment"
"1070 Wellness Pl, Henderson, NV 89011","2026/03/02",1325,"1 Bed","Apartment"
"1070 Wellness Pl, Henderson, NV 89011","2026/03/02",1610,"2 Beds+","Apartment"
"5005 Losee Rd, North Las Vegas, NV 89081","2026/03/02",1185,"1 Bed","Apartment"
"5005 Losee Rd, North Las Vegas, NV 89081","2026/03/02",1389,"2 Beds","Apartment"
"5005 Losee Rd, North Las Vegas, NV 89081","2026/03/02",1581,"3 Beds","Apartment"
"4970 Camino Al Norte, North Las Vegas, NV 89031","2026/03/02",1900,"2 Beds","Apartment"
"4970 Camino Al Norte, North Las Vegas, NV 89031","2026/03/02",2199,"3 Beds","Apartment"
"9445 Titania Dawn St, Las Vegas, NV 89178","2026/03/02",2470,"2 Beds","Apartment"
"9445 Titania Dawn St, Las Vegas, NV 89178","2026/03/02",2370,"3 Beds","Apartment"
"5160 Tamarus St, Las Vegas, NV 89119","2026/03/02",996,"1 Bed","Apartment"
"5160 Tamarus St, Las Vegas, NV 89119","2026/03/02",1483,"2 Beds","Apartment"
"8760 W Patrick Ln, Las Vegas, NV 89148","2026/03/02",1611,"1 Bed","Apartment"
"8760 W Patrick Ln, Las Vegas, NV 89148","2026/03/02",1991,"2 Beds","Apartment"
"10501 W Lone Mountain Rd, Las Vegas, NV 89129","2026/03/02",2076,"2 Beds","Apartment"
"10501 W Lone Mountain Rd, Las Vegas, NV 89129","2026/03/02",2357,"3 Beds","Apartment"
"4965 S Nellis Blvd, Las Vegas, NV 89120","2026/03/02",1211,"1 Bed","Apartment"
"4965 S Nellis Blvd, Las Vegas, NV 89120","2026/03/02",1502,"2 Beds","Apartment"
"4965 S Nellis Blvd, Las Vegas, NV 89120","2026/03/02",1898,"3 Beds","Apartment"
"701 N 13th St, Las Vegas, NV 89101","2026/03/02",1180,"1 Bed","Apartment"
"701 N 13th St, Las Vegas, NV 89101","2026/03/02",1125,"2 Beds","Apartment"
"701 N 13th St, Las Vegas, NV 89101","2026/03/02",1530,"3 Beds","Apartment"
"4600 Sirius Ave, Las Vegas, NV 89102","2026/03/02",1092,"1 Bed","Apartment"
"4600 Sirius Ave, Las Vegas, NV 89102","2026/03/02",1242,"2 Beds","Apartment"
"4801 Spencer St, Las Vegas, NV 89119","2026/03/02",1058,"1 Bed","Apartment"
"4801 Spencer St, Las Vegas, NV 89119","2026/03/02",1311,"2 Beds","Apartment"
"4801 Spencer St, Las Vegas, NV 89119","2026/03/02",2089,"3 Beds","Apartment"
"3900 Dalecrest Dr, Las Vegas, NV 89129","2026/03/02",1095,"1 Bed","Apartment"
"3900 Dalecrest Dr, Las Vegas, NV 89129","2026/03/02",1272,"2 Beds","Apartment"
"3900 Dalecrest Dr, Las Vegas, NV 89129","2026/03/02",1825,"3 Beds","Apartment"
"4480 Sirius Ave, Las Vegas, NV 89102","2026/03/02",953,"Studio","Apartment"
"4480 Sirius Ave, Las Vegas, NV 89102","2026/03/02",1003,"1 Bed","Apartment"
"4480 Sirius Ave, Las Vegas, NV 89102","2026/03/02",1251,"2 Beds+","Apartment"
NA,NA,NA,NA,NA
"1300 S Casino Center Blvd, Las Vegas, NV 89104","2026/03/02",1499,"2 Beds+",NA
"2019 Fremont St, Las Vegas, NV 89101","2026/03/02",1045,"Studio","Apartment"
"2019 Fremont St, Las Vegas, NV 89101","2026/03/02",1200,"1 Bed","Apartment"
"3150 S Nellis Blvd, Las Vegas, NV 89121","2026/03/02",1240,"1 Bed","Apartment"
"3150 S Nellis Blvd, Las Vegas, NV 89121","2026/03/02",1436,"2 Beds","Apartment"
"3150 S Nellis Blvd, Las Vegas, NV 89121","2026/03/02",1800,"3 Beds","Apartment"
"451 N Nellis Blvd, Las Vegas, NV 89110","2026/03/02",1112,"1 Bed","Apartment"
"451 N Nellis Blvd, Las Vegas, NV 89110","2026/03/02",1274,"2 Beds","Apartment"
"451 N Nellis Blvd, Las Vegas, NV 89110","2026/03/02",1736,"3 Beds","Apartment"
"1015 S 3rd St, Las Vegas, NV 89101","2026/03/02",1534,"3 Beds",NA
"6435 Grass Meadows Dr, Las Vegas, NV 89142","2026/03/02",1280,"1 Bed","Apartment"
"6435 Grass Meadows Dr, Las Vegas, NV 89142","2026/03/02",1560,"2 Beds","Apartment"
"6435 Grass Meadows Dr, Las Vegas, NV 89142","2026/03/02",1730,"3 Beds","Apartment"
"3121-3161 Karen Ave, Las Vegas, NV 89121","2026/03/02",975,"3 Beds",NA
"330 S 11th St, Las Vegas, NV 89101","2026/03/02",1275,"3 Beds",NA
"2881 N Rancho Dr, Las Vegas, NV 89130","2026/03/02",1270,"1 Bed","Apartment"
"2881 N Rancho Dr, Las Vegas, NV 89130","2026/03/02",1315,"2 Beds","Apartment"
"2881 N Rancho Dr, Las Vegas, NV 89130","2026/03/02",1730,"3 Beds","Apartment"
"1220 Tree Line Dr, Las Vegas, NV 89142","2026/03/02",1426,"3 Beds",NA
"330 S 7th St, Las Vegas, NV 89101","2026/03/02",820,"Studio","Apartment"
"330 S 7th St, Las Vegas, NV 89101","2026/03/02",1300,"1 Bed","Apartment"
"330 S 7th St, Las Vegas, NV 89101","2026/03/02",1350,"2 Beds","Apartment"
"344 E Desert Inn Rd, Las Vegas, NV 89109","2026/03/02",329,"1 Bed","Apartment"
"344 E Desert Inn Rd, Las Vegas, NV 89109","2026/03/02",2108,"2 Beds","Apartment"
"525 E Saint Louis Ave, Las Vegas, NV 89104","2026/03/02",845,"Studio","Apartment"
"525 E Saint Louis Ave, Las Vegas, NV 89104","2026/03/02",695,"1 Bed","Apartment"
"525 E Saint Louis Ave, Las Vegas, NV 89104","2026/03/02",845,"2 Beds","Apartment"
"122 N Jessup Rd, Henderson, NV 89074","2026/03/02",1376,"1 Bed","Apartment"
"122 N Jessup Rd, Henderson, NV 89074","2026/03/02",1731,"2 Beds","Apartment"
"1250 Wigwam Pky, Henderson, NV 89074","2026/03/02",1454,"1 Bed","Apartment"
"1250 Wigwam Pky, Henderson, NV 89074","2026/03/02",1628,"2 Beds","Apartment"
"3120 Wynn Rd, Las Vegas, NV 89102","2026/03/02",1138,"1 Bed","Apartment"
"3120 Wynn Rd, Las Vegas, NV 89102","2026/03/02",1228,"2 Beds","Apartment"
"2601 S Grand Canyon Dr, Las Vegas, NV 89117","2026/03/02",1488,"1 Bed","Apartment"
"2601 S Grand Canyon Dr, Las Vegas, NV 89117","2026/03/02",1684,"2 Beds","Apartment"
"2950 S Decatur Blvd, Las Vegas, NV 89102","2026/03/02",1117,"Studio","Apartment"
"2950 S Decatur Blvd, Las Vegas, NV 89102","2026/03/02",1451,"2 Beds","Apartment"
"230 N 11th St, Las Vegas, NV 89101","2026/03/02",1059,"2 Beds",NA
"2675 S Nellis Blvd, Las Vegas, NV 89121","2026/03/02",1112,"1 Bed","Apartment"
"2675 S Nellis Blvd, Las Vegas, NV 89121","2026/03/02",1314,"2 Beds","Apartment"
"8920 W Russell Rd, Las Vegas, NV 89148","2026/03/02",1396,"1 Bed","Apartment"
"8920 W Russell Rd, Las Vegas, NV 89148","2026/03/02",1650,"2 Beds","Apartment"
"231 N 11th St, Las Vegas, NV 89101","2026/03/02",1256,"2 Beds",NA
"4801 Harrison Dr, Las Vegas, NV 89121","2026/03/02",1075,"Studio","Apartment"
"4801 Harrison Dr, Las Vegas, NV 89121","2026/03/02",1090,"1 Bed","Apartment"
"4801 Harrison Dr, Las Vegas, NV 89121","2026/03/02",1315,"2 Beds","Apartment"
NA,NA,NA,NA,NA
"1700 Alta Dr, Las Vegas, NV 89106","2026/03/02",1341,"1 Bed","Apartment"
"1700 Alta Dr, Las Vegas, NV 89106","2026/03/02",1527,"2 Beds","Apartment"
"2375 Spruce Goose St, Las Vegas, NV 89135","2026/03/02",2040,"1 Bed","Apartment"
"2375 Spruce Goose St, Las Vegas, NV 89135","2026/03/02",2505,"2 Beds","Apartment"
"2200 N Torrey Pines Dr, Las Vegas, NV 89108","2026/03/02",1219,"1 Bed","Apartment"
"2200 N Torrey Pines Dr, Las Vegas, NV 89108","2026/03/02",1386,"2 Beds","Apartment"
"2200 N Torrey Pines Dr, Las Vegas, NV 89108","2026/03/02",1857,"3 Beds","Apartment"
"7777 S Jones Blvd, Las Vegas, NV 89139","2026/03/02",1575,"1 Bed","Apartment"
"7777 S Jones Blvd, Las Vegas, NV 89139","2026/03/02",1834,"2 Beds","Apartment"
"7777 S Jones Blvd, Las Vegas, NV 89139","2026/03/02",2195,"3 Beds","Apartment"
"5101 E Twain Ave, Las Vegas, NV 89122","2026/03/02",929,"1 Bed","Apartment"
"5101 E Twain Ave, Las Vegas, NV 89122","2026/03/02",1189,"2 Beds","Apartment"
"5280 W Hacienda Ave, Las Vegas, NV 89118","2026/03/02",1357,"1 Bed","Apartment"
"5280 W Hacienda Ave, Las Vegas, NV 89118","2026/03/02",1615,"2 Beds","Apartment"
"5280 W Hacienda Ave, Las Vegas, NV 89118","2026/03/02",1914,"3 Beds","Apartment"
"5400 S Maryland Pky, Las Vegas, NV 89119","2026/03/02",1117,"1 Bed","Apartment"
"5400 S Maryland Pky, Las Vegas, NV 89119","2026/03/02",1302,"2 Beds","Apartment"
"6360 E Sahara Ave, Las Vegas, NV 89142","2026/03/02",1225,"1 Bed","Apartment"
"6360 E Sahara Ave, Las Vegas, NV 89142","2026/03/02",1400,"2 Beds","Apartment"
"3896 University Center Dr, Las Vegas, NV 89119","2026/03/02",1375,"2 Beds","Apartment"
"3896 University Center Dr, Las Vegas, NV 89119","2026/03/02",1890,"4 Beds","Apartment"
"5055 S Lindell Rd, Las Vegas, NV 89118","2026/03/02",1288,"Studio","Apartment"
"5055 S Lindell Rd, Las Vegas, NV 89118","2026/03/02",1267,"1 Bed","Apartment"
"5055 S Lindell Rd, Las Vegas, NV 89118","2026/03/02",1530,"2 Beds","Apartment"
"1200 Redwood St, Las Vegas, NV 89146","2026/03/02",990,"Studio","Apartment"
"1200 Redwood St, Las Vegas, NV 89146","2026/03/02",1080,"1 Bed","Apartment"
"401 N 28th St, Las Vegas, NV 89101","2026/03/02",1007,"1 Bed","Apartment"
"401 N 28th St, Las Vegas, NV 89101","2026/03/02",1182,"2 Beds","Apartment"
"401 N 28th St, Las Vegas, NV 89101","2026/03/02",1482,"3 Beds","Apartment"
"8350 W Desert Inn Rd, Las Vegas, NV 89117","2026/03/02",1245,"1 Bed","Apartment"
"8350 W Desert Inn Rd, Las Vegas, NV 89117","2026/03/02",1467,"2 Beds","Apartment"
"8350 W Desert Inn Rd, Las Vegas, NV 89117","2026/03/02",1855,"3 Beds","Apartment"
"4000 E Bonanza Rd, Las Vegas, NV 89110","2026/03/02",1125,"1 Bed","Apartment"
"4000 E Bonanza Rd, Las Vegas, NV 89110","2026/03/02",1352,"2 Beds","Apartment"
"4000 E Bonanza Rd, Las Vegas, NV 89110","2026/03/02",1843,"3 Beds","Apartment"
"9599 W Charleston Blvd, Las Vegas, NV 89117","2026/03/02",1593,"1 Bed","Apartment"
"9599 W Charleston Blvd, Las Vegas, NV 89117","2026/03/02",1686,"2 Beds","Apartment"
"9599 W Charleston Blvd, Las Vegas, NV 89117","2026/03/02",2046,"3 Beds","Apartment"
"9145 Echelon Point Dr, Las Vegas, NV 89149","2026/03/02",1480,"1 Bed","Apartment"
"9145 Echelon Point Dr, Las Vegas, NV 89149","2026/03/02",1756,"2 Beds","Apartment"
"9145 Echelon Point Dr, Las Vegas, NV 89149","2026/03/02",2077,"3 Beds","Apartment"
"375 E Starr Ave, Las Vegas, NV 89183","2026/03/02",1562,"1 Bed","Apartment"
"375 E Starr Ave, Las Vegas, NV 89183","2026/03/02",1711,"2 Beds","Apartment"
"5400 Mountain Vista St, Las Vegas, NV 89120","2026/03/02",1189,"1 Bed","Apartment"
"5400 Mountain Vista St, Las Vegas, NV 89120","2026/03/02",1201,"2 Beds","Apartment"
"5400 Mountain Vista St, Las Vegas, NV 89120","2026/03/02",1749,"3 Beds","Apartment"
"3555 Stober Blvd, Las Vegas, NV 89103","2026/03/02",1065,"1 Bed","Apartment"
"3555 Stober Blvd, Las Vegas, NV 89103","2026/03/02",1125,"2 Beds","Apartment"
"4051 W Viking Rd, Las Vegas, NV 89103","2026/03/02",1012,"1 Bed","Apartment"
"4051 W Viking Rd, Las Vegas, NV 89103","2026/03/02",1405,"2 Beds","Apartment"
NA,NA,NA,NA,NA
"5055 E Charleston Blvd, Las Vegas, NV 89104","2026/03/02",1229,"1 Bed","Apartment"
"5055 E Charleston Blvd, Las Vegas, NV 89104","2026/03/02",1329,"2 Beds","Apartment"
"9999 W Katie Ave, Las Vegas, NV 89147","2026/03/02",1657,"1 Bed","Apartment"
"9999 W Katie Ave, Las Vegas, NV 89147","2026/03/02",1907,"2 Beds","Apartment"
"10200 Giles Rd, Las Vegas, NV 89183","2026/03/02",1387,"1 Bed","Apartment"
"10200 Giles Rd, Las Vegas, NV 89183","2026/03/02",1661,"2 Beds","Apartment"
"10200 Giles Rd, Las Vegas, NV 89183","2026/03/02",1921,"3 Beds","Apartment"
"8777 W Maule Ave, Las Vegas, NV 89148","2026/03/02",1590,"1 Bed","Apartment"
"8777 W Maule Ave, Las Vegas, NV 89148","2026/03/02",1740,"2 Beds","Apartment"
"8777 W Maule Ave, Las Vegas, NV 89148","2026/03/02",1970,"3 Beds","Apartment"
"3875 Cambridge St, Las Vegas, NV 89119","2026/03/02",1300,"1 Bed","Apartment"
"3875 Cambridge St, Las Vegas, NV 89119","2026/03/02",1380,"2 Beds","Apartment"
"3875 Cambridge St, Las Vegas, NV 89119","2026/03/02",1715,"3 Beds","Apartment"
"811-821 Bridger Ave, Las Vegas, NV 89101","2026/03/02",1139,"Studio","Apartment"
"811-821 Bridger Ave, Las Vegas, NV 89101","2026/03/02",1429,"1 Bed","Apartment"
"5870 W Harmon Ave, Las Vegas, NV 89103","2026/03/02",1436,"1 Bed","Apartment"
"5870 W Harmon Ave, Las Vegas, NV 89103","2026/03/02",1495,"2 Beds","Apartment"
"10191 W Oleta Ave, Las Vegas, NV 89178","2026/03/02",2268,"3 Beds","Apartment"
"10191 W Oleta Ave, Las Vegas, NV 89178","2026/03/02",2410,"4 Beds","Apartment"
"900 E Desert Inn Rd, Las Vegas, NV 89109","2026/03/02",1442,"1 Bed","Apartment"
"900 E Desert Inn Rd, Las Vegas, NV 89109","2026/03/02",1542,"2 Beds","Apartment"
"2895 E Charleston Blvd, Las Vegas, NV 89104","2026/03/02",1222,"1 Bed","Apartment"
"2895 E Charleston Blvd, Las Vegas, NV 89104","2026/03/02",1297,"2 Beds","Apartment"
"2895 E Charleston Blvd, Las Vegas, NV 89104","2026/03/02",1672,"3 Beds","Apartment"
"4020 Arville St, Las Vegas, NV 89103","2026/03/02",1035,"1 Bed","Apartment"
"4020 Arville St, Las Vegas, NV 89103","2026/03/02",1185,"2 Beds","Apartment"
"9405 S Eastern Ave, Las Vegas, NV 89123","2026/03/02",1272,"1 Bed","Apartment"
"9405 S Eastern Ave, Las Vegas, NV 89123","2026/03/02",1610,"2 Beds","Apartment"
"9405 S Eastern Ave, Las Vegas, NV 89123","2026/03/02",1900,"3 Beds","Apartment"
"1270 Burnham Ave, Las Vegas, NV 89104","2026/03/02",982,"1 Bed","Apartment"
"1270 Burnham Ave, Las Vegas, NV 89104","2026/03/02",1262,"2 Beds","Apartment"
"711 E Carson Ave, Las Vegas, NV 89101","2026/03/02",8456,"2 Beds",NA
"5155 S Torrey Pines Dr, Las Vegas, NV 89118","2026/03/02",1299,"1 Bed","Apartment"
"5155 S Torrey Pines Dr, Las Vegas, NV 89118","2026/03/02",1618,"2 Beds","Apartment"
"9270 S Quarterhorse Ln, Las Vegas, NV 89178","2026/03/02",1147,"1 Bed","Apartment"
"9270 S Quarterhorse Ln, Las Vegas, NV 89178","2026/03/02",1377,"2 Beds","Apartment"
"110 S Bruce St, Las Vegas, NV 89101","2026/03/02",829,"2 Beds",NA
"4505 Paradise Rd, Las Vegas, NV 89169","2026/03/02",784,"Studio","Apartment"
"4505 Paradise Rd, Las Vegas, NV 89169","2026/03/02",834,"1 Bed","Apartment"
"1101 Dumont Blvd, Las Vegas, NV 89169","2026/03/02",725,"Studio","Apartment"
"1101 Dumont Blvd, Las Vegas, NV 89169","2026/03/02",899,"1 Bed","Apartment"
"2701 N Rainbow Blvd, Las Vegas, NV 89108","2026/03/02",1131,"1 Bed","Apartment"
"2701 N Rainbow Blvd, Las Vegas, NV 89108","2026/03/02",1255,"2 Beds","Apartment"
"2701 N Rainbow Blvd, Las Vegas, NV 89108","2026/03/02",1485,"3 Beds","Apartment"
NA,NA,NA,NA,NA
"549 Sierra Vista Dr, Las Vegas, NV 89169","2026/03/02",851,"Studio","Apartment"
"549 Sierra Vista Dr, Las Vegas, NV 89169","2026/03/02",999,"1 Bed","Apartment"
"6500 Vegas Dr, Las Vegas, NV 89108","2026/03/02",1040,"1 Bed","Apartment"
"6500 Vegas Dr, Las Vegas, NV 89108","2026/03/02",1270,"2 Beds","Apartment"
"4255 W Viking Rd, Las Vegas, NV 89103","2026/03/02",875,"Studio","Apartment"
"4255 W Viking Rd, Las Vegas, NV 89103","2026/03/02",1005,"1 Bed","Apartment"
"4255 W Viking Rd, Las Vegas, NV 89103","2026/03/02",1255,"2 Beds+","Apartment"
"5250 Stewart Ave, Las Vegas, NV 89110","2026/03/02",1242,"1 Bed","Apartment"
"5250 Stewart Ave, Las Vegas, NV 89110","2026/03/02",1480,"2 Beds","Apartment"
"5250 Stewart Ave, Las Vegas, NV 89110","2026/03/02",1941,"3 Beds","Apartment"
"4485 Pennwood Ave, Las Vegas, NV 89102","2026/03/02",1101,"1 Bed","Apartment"
"4485 Pennwood Ave, Las Vegas, NV 89102","2026/03/02",1703,"4 Beds","Apartment"
"2192 S Nellis Blvd, Las Vegas, NV 89104","2026/03/02",956,"1 Bed","Apartment"
"2192 S Nellis Blvd, Las Vegas, NV 89104","2026/03/02",918,"2 Beds","Apartment"
"7075 W Gowan Rd, Las Vegas, NV 89129","2026/03/02",1188,"1 Bed","Apartment"
"7075 W Gowan Rd, Las Vegas, NV 89129","2026/03/02",1433,"2 Beds","Apartment"
"2675 W Agate Ave, Las Vegas, NV 89123","2026/03/02",956,"1 Bed","Apartment"
"2675 W Agate Ave, Las Vegas, NV 89123","2026/03/02",1147,"2 Beds","Apartment"
"3890 Cambridge St, Las Vegas, NV 89119","2026/03/02",699,"Studio","Apartment"
"3890 Cambridge St, Las Vegas, NV 89119","2026/03/02",899,"1 Bed","Apartment"
"7101 Smoke Ranch Rd, Las Vegas, NV 89128","2026/03/02",1182,"1 Bed","Apartment"
"7101 Smoke Ranch Rd, Las Vegas, NV 89128","2026/03/02",1280,"2 Beds","Apartment"
"7101 Smoke Ranch Rd, Las Vegas, NV 89128","2026/03/02",1781,"3 Beds","Apartment"
"5625 S Hollywood Blvd, Las Vegas, NV 89122","2026/03/02",765,"1 Bed","Apartment"
"5625 S Hollywood Blvd, Las Vegas, NV 89122","2026/03/02",918,"2 Beds","Apartment"
"4330 Las Vegas Blvd N, Las Vegas, NV 89115","2026/03/02",895,"Studio","Apartment"
"4330 Las Vegas Blvd N, Las Vegas, NV 89115","2026/03/02",995,"1 Bed","Apartment"
"4330 Las Vegas Blvd N, Las Vegas, NV 89115","2026/03/02",1095,"2 Beds","Apartment"
"3501 S Maryland Pky, Las Vegas, NV 89169","2026/03/02",1255,"1 Bed","Apartment"
"3501 S Maryland Pky, Las Vegas, NV 89169","2026/03/02",1302,"2 Beds","Apartment"
"3501 S Maryland Pky, Las Vegas, NV 89169","2026/03/02",1750,"3 Beds","Apartment"
"3240 W Harmon Ave, Las Vegas, NV 89103","2026/03/02",1640,"1 Bed","Apartment"
"3240 W Harmon Ave, Las Vegas, NV 89103","2026/03/02",2700,"2 Beds","Apartment"
"3240 W Harmon Ave, Las Vegas, NV 89103","2026/03/02",2875,"3 Beds","Apartment"
"522 N Lamb Blvd, Las Vegas, NV 89110","2026/03/02",965,"1 Bed","Apartment"
"522 N Lamb Blvd, Las Vegas, NV 89110","2026/03/02",1293,"2 Beds","Apartment"
"522 N Lamb Blvd, Las Vegas, NV 89110","2026/03/02",1474,"3 Beds","Apartment"
"10244 Jeffreys St, Las Vegas, NV 89183","2026/03/02",1714,"1 Bed","Apartment"
"10244 Jeffreys St, Las Vegas, NV 89183","2026/03/02",2145,"2 Beds","Apartment"
"10244 Jeffreys St, Las Vegas, NV 89183","2026/03/02",3017,"3 Beds","Apartment"
"1830 N Pecos Rd, Las Vegas, NV 89115","2026/03/02",1057,"1 Bed","Apartment"
"1830 N Pecos Rd, Las Vegas, NV 89115","2026/03/02",1400,"2 Beds","Apartment"
"321 N Decatur Blvd, Las Vegas, NV 89107","2026/03/02",1150,"2 Beds",NA
"3475 W Desert Inn Rd, Las Vegas, NV 89102","2026/03/02",1425,"Studio","Apartment"
"3475 W Desert Inn Rd, Las Vegas, NV 89102","2026/03/02",1400,"1 Bed","Apartment"
"3475 W Desert Inn Rd, Las Vegas, NV 89102","2026/03/02",2230,"2 Beds+","Apartment"
"2201 N Buffalo Dr, Las Vegas, NV 89128","2026/03/02",1625,"1 Bed","Apartment"
"2201 N Buffalo Dr, Las Vegas, NV 89128","2026/03/02",1475,"2 Beds","Apartment"
"2201 N Buffalo Dr, Las Vegas, NV 89128","2026/03/02",1985,"3 Beds","Apartment"
"818 E Flamingo Rd, Las Vegas, NV 89119","2026/03/02",1415,"1 Bed","Apartment"
"818 E Flamingo Rd, Las Vegas, NV 89119","2026/03/02",2231,"2 Beds","Apartment"
"3478 Paradise Rd, Las Vegas, NV 89169","2026/03/02",1550,"2 Beds","Apartment"
"3478 Paradise Rd, Las Vegas, NV 89169","2026/03/02",2400,"3 Beds","Apartment"
"9170 W Oquendo Rd, Las Vegas, NV 89148","2026/03/02",1599,"1 Bed","Apartment"
"9170 W Oquendo Rd, Las Vegas, NV 89148","2026/03/02",2229,"2 Beds","Apartment"
"4640 Vegas Valley Dr, Las Vegas, NV 89121","2026/03/02",1170,"1 Bed","Apartment"
"4640 Vegas Valley Dr, Las Vegas, NV 89121","2026/03/02",1315,"2 Beds","Apartment"
"4640 Vegas Valley Dr, Las Vegas, NV 89121","2026/03/02",1545,"3 Beds","Apartment"
"2930 Mountain Vista St, Las Vegas, NV 89121","2026/03/02",1450,"3 Beds",NA
"122 S 15th St, Las Vegas, NV 89101","2026/03/02",1125,"3 Beds",NA
"98 S Martin L King Blvd, Las Vegas, NV 89106","2026/03/02",953,"Studio","Apartment"
"98 S Martin L King Blvd, Las Vegas, NV 89106","2026/03/02",1073,"1 Bed","Apartment"
"98 S Martin L King Blvd, Las Vegas, NV 89106","2026/03/02",1287,"2 Beds+","Apartment"
"3355 Arville St, Las Vegas, NV 89102","2026/03/02",1359,"1 Bed","Apartment"
"3355 Arville St, Las Vegas, NV 89102","2026/03/02",1230,"2 Beds","Apartment"
"7688 Blue Diamond Rd, Las Vegas, NV 89178","2026/03/02",1333,"1 Bed","Apartment"
"7688 Blue Diamond Rd, Las Vegas, NV 89178","2026/03/02",1860,"2 Beds","Apartment"
"8180 S Rainbow Blvd, Las Vegas, NV 89139","2026/03/02",1439,"Studio","Apartment"
"8180 S Rainbow Blvd, Las Vegas, NV 89139","2026/03/02",1381,"1 Bed","Apartment"
"8180 S Rainbow Blvd, Las Vegas, NV 89139","2026/03/02",1654,"2 Beds","Apartment"
"10530 W Hammer Ln, Las Vegas, NV 89166","2026/03/02",2395,"2 Beds",NA
"2317 Clifford Ave, Las Vegas, NV 89104","2026/03/02",975,"Studio","Apartment"
"2317 Clifford Ave, Las Vegas, NV 89104","2026/03/02",1075,"1 Bed","Apartment"
"4255 Channel 10 Dr, Las Vegas, NV 89119","2026/03/02",1099,"1 Bed","Apartment"
"4255 Channel 10 Dr, Las Vegas, NV 89119","2026/03/02",1099,"2 Beds","Apartment"
"4255 Channel 10 Dr, Las Vegas, NV 89119","2026/03/02",1575,"3 Beds","Apartment"
"5316 Danville Ln, Las Vegas, NV 89119","2026/03/02",1026,"1 Bed","Apartment"
"5316 Danville Ln, Las Vegas, NV 89119","2026/03/02",1235,"2 Beds","Apartment"
"1701 N Jones Blvd, Las Vegas, NV 89108","2026/03/02",1059,"1 Bed","Apartment"
"1701 N Jones Blvd, Las Vegas, NV 89108","2026/03/02",1268,"2 Beds","Apartment"
"5100 O'Bannon Dr, Las Vegas, NV 89146","2026/03/02",1067,"1 Bed","Apartment"
"5100 O'Bannon Dr, Las Vegas, NV 89146","2026/03/02",1300,"2 Beds","Apartment"
"5100 O'Bannon Dr, Las Vegas, NV 89146","2026/03/02",1600,"3 Beds","Apartment"
"1536 N 22nd St, Las Vegas, NV 89101","2026/03/02",1195,"3 Beds",NA
"4441 Escondido St, Las Vegas, NV 89119","2026/03/02",975,"1 Bed","Apartment"
"4441 Escondido St, Las Vegas, NV 89119","2026/03/02",1075,"2 Beds","Apartment"
"6170 Boulder Hwy, Las Vegas, NV 89122","2026/03/02",1340,"1 Bed","Apartment"
"6170 Boulder Hwy, Las Vegas, NV 89122","2026/03/02",1435,"2 Beds","Apartment"
"6170 Boulder Hwy, Las Vegas, NV 89122","2026/03/02",1778,"3 Beds","Apartment"
"8960 Post Rd, Las Vegas, NV 89148","2026/03/02",1375,"1 Bed","Apartment"
"8960 Post Rd, Las Vegas, NV 89148","2026/03/02",1588,"2 Beds","Apartment"
"1411 N 23rd St, Las Vegas, NV 89101","2026/03/02",1550,"2 Beds",NA
"8530 W Sahara Ave, Las Vegas, NV 89117","2026/03/02",1218,"1 Bed","Apartment"
"8530 W Sahara Ave, Las Vegas, NV 89117","2026/03/02",1437,"2 Beds","Apartment"
"8400 S Maryland Pky, Las Vegas, NV 89123","2026/03/02",1412,"1 Bed","Apartment"
"8400 S Maryland Pky, Las Vegas, NV 89123","2026/03/02",1578,"2 Beds","Apartment"
"8400 S Maryland Pky, Las Vegas, NV 89123","2026/03/02",1825,"3 Beds","Apartment"
"624 Stewart Ave, Las Vegas, NV 89101","2026/03/02",848,"3 Beds",NA
"2068 N Nellis Blvd, Las Vegas, NV 89115","2026/03/02",1050,"1 Bed","Apartment"
"2068 N Nellis Blvd, Las Vegas, NV 89115","2026/03/02",1300,"2 Beds","Apartment"
"7227 W Windmill Ln, Las Vegas, NV 89113","2026/03/02",1212,"1 Bed","Apartment"
"7227 W Windmill Ln, Las Vegas, NV 89113","2026/03/02",1721,"2 Beds","Apartment"
"8975 W Warm Springs Rd, Las Vegas, NV 89148","2026/03/02",1338,"1 Bed","Apartment"
"8975 W Warm Springs Rd, Las Vegas, NV 89148","2026/03/02",1561,"2 Beds","Apartment"
"8975 W Warm Springs Rd, Las Vegas, NV 89148","2026/03/02",1867,"3 Beds","Apartment"
"5001 O'Bannon Dr, Las Vegas, NV 89146","2026/03/02",1091,"3 Beds","Condo"
"3149 E Desert Inn Rd, Las Vegas, NV 89121","2026/03/02",1050,"1 Bed","Apartment"
"3149 E Desert Inn Rd, Las Vegas, NV 89121","2026/03/02",1125,"2 Beds","Apartment"
"6655 S Fort Apache, Las Vegas, NV 89148","2026/03/02",1367,"1 Bed","Apartment"
"6655 S Fort Apache, Las Vegas, NV 89148","2026/03/02",1717,"2 Beds","Apartment"
"901 Brush St, Las Vegas, NV 89107","2026/03/02",1012,"1 Bed","Apartment"
"901 Brush St, Las Vegas, NV 89107","2026/03/02",1139,"2 Beds","Apartment"
"901 Brush St, Las Vegas, NV 89107","2026/03/02",1485,"3 Beds","Apartment"
"1600 E Rochelle Ave, Las Vegas, NV 89119","2026/03/02",1050,"1 Bed","Apartment"
"1600 E Rochelle Ave, Las Vegas, NV 89119","2026/03/02",1240,"2 Beds","Apartment"
"1600 E Rochelle Ave, Las Vegas, NV 89119","2026/03/02",1550,"3 Beds","Apartment"
"5540 W Harmon Ave, Las Vegas, NV 89103","2026/03/02",1300,"1 Bed","Apartment"
"5540 W Harmon Ave, Las Vegas, NV 89103","2026/03/02",1316,"2 Beds","Apartment"
"5540 W Harmon Ave, Las Vegas, NV 89103","2026/03/02",1550,"3 Beds","Apartment"
"2950 Clifford St, Las Vegas, NV 89115","2026/03/02",900,"1 Bed","Apartment"
"2950 Clifford St, Las Vegas, NV 89115","2026/03/02",1095,"2 Beds","Apartment"
"5100 E Tropicana Ave, Las Vegas, NV 89122","2026/03/02",1080,"1 Bed","Apartment"
"5100 E Tropicana Ave, Las Vegas, NV 89122","2026/03/02",1210,"2 Beds","Apartment"
"5100 E Tropicana Ave, Las Vegas, NV 89122","2026/03/02",1540,"3 Beds","Apartment"
"2165 E Rochelle Ave, Las Vegas, NV 89119","2026/03/02",1060,"1 Bed","Apartment"
"2165 E Rochelle Ave, Las Vegas, NV 89119","2026/03/02",1125,"2 Beds","Apartment"
"2165 E Rochelle Ave, Las Vegas, NV 89119","2026/03/02",1535,"3 Beds","Apartment"
"4201 S Decatur Blvd, Las Vegas, NV 89103","2026/03/02",1367,"1 Bed","Apartment"
"4201 S Decatur Blvd, Las Vegas, NV 89103","2026/03/02",1459,"2 Beds","Apartment"
"6500 W Charleston Blvd, Las Vegas, NV 89146","2026/03/02",1065,"1 Bed","Apartment"
"6500 W Charleston Blvd, Las Vegas, NV 89146","2026/03/02",1245,"2 Beds","Apartment"
"6500 W Charleston Blvd, Las Vegas, NV 89146","2026/03/02",1835,"3 Beds","Apartment"
"4995 S Maryland Pky, Las Vegas, NV 89119","2026/03/02",899,"1 Bed","Apartment"
"4995 S Maryland Pky, Las Vegas, NV 89119","2026/03/02",1099,"2 Beds","Apartment"
"4995 S Maryland Pky, Las Vegas, NV 89119","2026/03/02",1499,"3 Beds","Apartment"
"939-969 E Flamingo Rd, Las Vegas, NV 89119","2026/03/02",1050,"3 Beds","Condo"
"764 E Twain Ave, Las Vegas, NV 89169","2026/03/02",899,"1 Bed","Apartment"
"764 E Twain Ave, Las Vegas, NV 89169","2026/03/02",1039,"2 Beds","Apartment"
"4040 Boulder Hwy, Las Vegas, NV 89121","2026/03/02",995,"1 Bed","Apartment"
"4040 Boulder Hwy, Las Vegas, NV 89121","2026/03/02",1200,"2 Beds","Apartment"
"4040 Boulder Hwy, Las Vegas, NV 89121","2026/03/02",1450,"3 Beds","Apartment"
"6767 W Windmill Ln, Las Vegas, NV 89139","2026/03/02",1313,"1 Bed","Apartment"
"6767 W Windmill Ln, Las Vegas, NV 89139","2026/03/02",1638,"2 Beds","Apartment"
"4200 N Tenaya Way, Las Vegas, NV 89129","2026/03/02",1147,"1 Bed","Apartment"
"4200 N Tenaya Way, Las Vegas, NV 89129","2026/03/02",975,"2 Beds","Apartment"
"3651 S Arville St, Las Vegas, NV 89103","2026/03/02",900,"Studio","Apartment"
"3651 S Arville St, Las Vegas, NV 89103","2026/03/02",975,"1 Bed","Apartment"
"3651 S Arville St, Las Vegas, NV 89103","2026/03/02",1350,"2 Beds","Apartment"
"9655 Ensworth St, Las Vegas, NV 89123","2026/03/02",975,"Studio","Apartment"
"9655 Ensworth St, Las Vegas, NV 89123","2026/03/02",1200,"1 Bed","Apartment"
"9655 Ensworth St, Las Vegas, NV 89123","2026/03/02",1550,"2 Beds","Apartment"
"27 N 28th St, Las Vegas, NV 89101","2026/03/02",776,"2 Beds","Condo"
"1101-1301 N Rainbow Blvd, Las Vegas, NV 89108","2026/03/02",1195,"1 Bed","Apartment"
"1101-1301 N Rainbow Blvd, Las Vegas, NV 89108","2026/03/02",1325,"2 Beds","Apartment"
"1101-1301 N Rainbow Blvd, Las Vegas, NV 89108","2026/03/02",1625,"3 Beds","Apartment"
"3070 S Nellis Blvd, Las Vegas, NV 89121","2026/03/02",920,"1 Bed","Apartment"
"3070 S Nellis Blvd, Las Vegas, NV 89121","2026/03/02",1015,"2 Beds","Apartment"
"3070 S Nellis Blvd, Las Vegas, NV 89121","2026/03/02",1415,"3 Beds","Apartment"
"3050 N Jones Blvd, Las Vegas, NV 89108","2026/03/02",1077,"1 Bed","Apartment"
"3050 N Jones Blvd, Las Vegas, NV 89108","2026/03/02",1288,"2 Beds","Apartment"
"3601 El Conlon Ave, Las Vegas, NV 89102","2026/03/02",363,"2 Beds","Condo"
"1050 Wellness Pl, Henderson, NV 89011","2026/03/02",1307,"Studio","Apartment"
"1050 Wellness Pl, Henderson, NV 89011","2026/03/02",1310,"1 Bed","Apartment"
"1050 Wellness Pl, Henderson, NV 89011","2026/03/02",1749,"2 Beds+","Apartment"
"2675 Windmill Pky, Henderson, NV 89074","2026/03/02",1873,"2 Beds","Apartment"
"2675 Windmill Pky, Henderson, NV 89074","2026/03/02",2208,"3 Beds","Apartment"
"2362 N Green Valley Pky, Henderson, NV 89014","2026/03/02",1201,"1 Bed","Apartment"
"2362 N Green Valley Pky, Henderson, NV 89014","2026/03/02",1384,"2 Beds","Apartment"
"833 Aspen Peak Loop, Henderson, NV 89011","2026/03/02",1550,"2 Beds","Apartment"
"833 Aspen Peak Loop, Henderson, NV 89011","2026/03/02",2040,"3 Beds","Apartment"
"7089 Aliante Pky, North Las Vegas, NV 89084","2026/03/02",1842,"1 Bed","Apartment"
"7089 Aliante Pky, North Las Vegas, NV 89084","2026/03/02",1852,"2 Beds","Apartment"
"1000 American Pacific Dr, Henderson, NV 89074","2026/03/02",1373,"1 Bed","Apartment"
"1000 American Pacific Dr, Henderson, NV 89074","2026/03/02",1520,"2 Beds","Apartment"
"1000 American Pacific Dr, Henderson, NV 89074","2026/03/02",1979,"3 Beds","Apartment"
"1290 W Horizon Ridge Pkwy, Henderson, NV 89012","2026/03/02",1449,"1 Bed","Apartment"
"1290 W Horizon Ridge Pkwy, Henderson, NV 89012","2026/03/02",1499,"2 Beds","Apartment"
"1290 W Horizon Ridge Pkwy, Henderson, NV 89012","2026/03/02",1935,"3 Beds","Apartment"
"1131 Wigwam Pkwy, Henderson, NV 89074","2026/03/02",1178,"1 Bed","Apartment"
"1131 Wigwam Pkwy, Henderson, NV 89074","2026/03/02",1788,"2 Beds","Apartment"
"1131 Wigwam Pkwy, Henderson, NV 89074","2026/03/02",1916,"3 Beds","Apartment"
"1250 American Pacific Dr, Henderson, NV 89074","2026/03/02",1820,"1 Bed","Apartment"
"1250 American Pacific Dr, Henderson, NV 89074","2026/03/02",1395,"2 Beds","Apartment"
"1250 American Pacific Dr, Henderson, NV 89074","2026/03/02",1960,"3 Beds","Apartment"
"2655 W Lake Mead Blvd, North Las Vegas, NV 89032","2026/03/02",1085,"1 Bed","Apartment"
"2655 W Lake Mead Blvd, North Las Vegas, NV 89032","2026/03/02",1297,"2 Beds","Apartment"
"5955 Nuevo Leon St, North Las Vegas, NV 89031","2026/03/02",2325,"2 Beds","Condo"
"11257 Rainbow Peak Ave Unit 201, Las Vegas, NV 89135","2026/03/02",2400,"2 Beds, 2.5 Baths, 1,432 sq ft","Condo"
"5080 Indian River Dr Unit Bella Vita, Las Vegas, NV 89103","2026/03/02",1600,"2 Beds, 2 Baths, 978 sq ft","Condo"
NA,NA,NA,NA,NA
"7463 Earnshaw Ave, Las Vegas, NV 89179","2026/03/02",2150,"","House"
"2627 S Lamb Blvd, Las Vegas, NV 89121","2026/03/02",1429,"","House"
NA,NA,NA,NA,NA
"2627 S Lamb Blvd, Las Vegas, NV 89121","2026/03/02",1889,"","House"
"2627 S Lamb Blvd, Las Vegas, NV 89121","2026/03/02",1939,"","House"
"2627 S Lamb Blvd, Las Vegas, NV 89121","2026/03/02",1669,"","House"
"8271 Southern Cross Ave, Las Vegas, NV 89131","2026/03/02",2500,"","House"
"10567 Foggy Glen Ave, Las Vegas, NV 89135","2026/03/02",2250,"","House"
"8301 W Wildwood Glen Dr, Las Vegas, NV 89131","2026/03/02",2370,"","House"
"8993 Dorrell Ln, Las Vegas, NV 89149","2026/03/02",2600,"","House"
"8144 Autumn Star Ave, Las Vegas, NV 89145","2026/03/02",1950,"","House"
"8920 Snowtrack Ave, Las Vegas, NV 89149","2026/03/02",2480,"","House"
"3722 Tundra Swan St, Las Vegas, NV 89122","2026/03/02",2750,"","House"
"2627 S Lamb Blvd, Las Vegas, NV 89121","2026/03/02",1229,"","House"
"101 Luna Way, Las Vegas, NV 89145","2026/03/02",1600,"","House"
"705 Respectful Ridge Ave, Henderson, NV 89012","2026/03/02",2099,"2 Beds, 2.5 Baths, 1,422 sq ft","House"
"1525 Beams Ave, North Las Vegas, NV 89081","2026/03/02",2460,"2 Beds, 2.5 Baths, 1,422 sq ft","House"
"5712 Nobleton Ct, North Las Vegas, NV 89081","2026/03/02",2330,"2 Beds, 2.5 Baths, 1,422 sq ft","House"
"11238 Essence Point Ave Unit 209, Las Vegas, NV 89135","2026/03/02",2100,"2 Beds, 2.5 Baths, 1,319 sq ft","House"
"83 Stock Option St Unit 1, Henderson, NV 89074","2026/03/02",1600,"2 Beds, 2 Baths, 1,200 sq ft","House"
NA,NA,NA,NA,NA
"3055 S Nellis Blvd, Las Vegas, NV 89121","2026/03/02",1329,"1 Bed","Apartment"
"3055 S Nellis Blvd, Las Vegas, NV 89121","2026/03/02",1410,"2 Beds","Apartment"
"5950 S Pecos Rd, Las Vegas, NV 89120","2026/03/02",1072,"1 Bed","Apartment"
"5950 S Pecos Rd, Las Vegas, NV 89120","2026/03/02",1282,"2 Beds","Apartment"
"2151 Citrus Hills Ave, Las Vegas, NV 89106","2026/03/02",950,"1 Bed","Apartment"
"2151 Citrus Hills Ave, Las Vegas, NV 89106","2026/03/02",1045,"2 Beds","Apartment"
"2775 E Fremont St, Las Vegas, NV 89104","2026/03/02",1039,"1 Bed","Apartment"
"2775 E Fremont St, Las Vegas, NV 89104","2026/03/02",1123,"2 Beds","Apartment"
NA,NA,NA,NA,NA
"1834 Jefferson St, North Las Vegas, NV 89030","2026/03/02",1160,"1834 Jefferson St","House"
"2157 Carroll St, North Las Vegas, NV 89030","2026/03/02",1060,"2157 Carroll St","House"
"1363 Living Desert Dr, Las Vegas, NV 89119","2026/03/02",964,"Studio","Apartment"
"1363 Living Desert Dr, Las Vegas, NV 89119","2026/03/02",1002,"1 Bed","Apartment"
"1363 Living Desert Dr, Las Vegas, NV 89119","2026/03/02",1589,"2 Beds+","Apartment"
NA,NA,NA,NA,NA
"8400 W Charleston Blvd, Las Vegas, NV 89117","2026/03/02",1325,"1 Bed","Apartment"
"8400 W Charleston Blvd, Las Vegas, NV 89117","2026/03/02",1650,"2 Beds","Apartment"
NA,NA,NA,NA,NA
"4280 Escondido St, Las Vegas, NV 89119","2026/03/02",1194,"Studio","Apartment"
"4280 Escondido St, Las Vegas, NV 89119","2026/03/02",1314,"1 Bed","Apartment"
NA,NA,NA,NA,NA
"217 S Maryland Pky, Las Vegas, NV 89101","2026/03/02",850,"Studio","Apartment"
"217 S Maryland Pky, Las Vegas, NV 89101","2026/03/02",950,"1 Bed","Apartment"
NA,NA,NA,NA,NA
"5350 E Tropicana Ave, Las Vegas, NV 89122","2026/03/02",1242,"1 Bed","Apartment"
"5350 E Tropicana Ave, Las Vegas, NV 89122","2026/03/02",1442,"2 Beds","Apartment"
"110 N 15th St, Las Vegas, NV 89101","2026/03/02",825,"Studio","Apartment"
"110 N 15th St, Las Vegas, NV 89101","2026/03/02",849,"1 Bed","Apartment"
"1025 Sierra Vista Dr, Las Vegas, NV 89169","2026/03/02",7756,"Cambridge Vista","House"
"5292 S Maryland Pky, Las Vegas, NV 89119","2026/03/02",620,"Quail Ridge","House"
NA,NA,NA,NA,NA
NA,NA,NA,NA,NA
"4815 Deckow Ln, Las Vegas, NV 89169","2026/03/02",1071,"Studio","Apartment"
"4815 Deckow Ln, Las Vegas, NV 89169","2026/03/02",1116,"1 Bed","Apartment"
"525 E Bonanza Rd, Las Vegas, NV 89101","2026/03/02",850,"The Meadows","House"
"4075 University Center Dr, Las Vegas, NV 89119","2026/03/02",1759,"1 Bed","Apartment"
"4075 University Center Dr, Las Vegas, NV 89119","2026/03/02",2079,"2 Beds","Apartment"
"9700 W Sunset Rd, Las Vegas, NV 89148","2026/03/02",1275,"2 Beds","Apartment"
"9700 W Sunset Rd, Las Vegas, NV 89148","2026/03/02",1477,"3 Beds","Apartment"
"2800 Fremont St, Las Vegas, NV 89104","2026/03/02",1300,"Studio","Apartment"
"2800 Fremont St, Las Vegas, NV 89104","2026/03/02",1425,"1 Bed","Apartment"
"2800 Fremont St, Las Vegas, NV 89104","2026/03/02",1660,"2 Beds+","Apartment"
"2121 N Jones Blvd, Las Vegas, NV 89108","2026/03/02",975,"Studio","Apartment"
"2121 N Jones Blvd, Las Vegas, NV 89108","2026/03/02",1306,"1 Bed","Apartment"
"5300 E Craig Rd, Las Vegas, NV 89115","2026/03/02",950,"Patriot Suites ( FKA The Rubix )","House"
"5750 Boulder Hwy, Las Vegas, NV 89122","2026/03/02",900,"Studio","Apartment"
"5750 Boulder Hwy, Las Vegas, NV 89122","2026/03/02",1000,"1 Bed","Apartment"
"8855 W Arby Ave, Las Vegas, NV 89148","2026/03/02",1315,"2 Beds","Apartment"
"8855 W Arby Ave, Las Vegas, NV 89148","2026/03/02",1518,"3 Beds","Apartment"
"2815 W Ford Ave, Las Vegas, NV 89123","2026/03/02",1062,"1 Bed","Apartment"
"2815 W Ford Ave, Las Vegas, NV 89123","2026/03/02",1277,"2 Beds","Apartment"
"2815 W Ford Ave, Las Vegas, NV 89123","2026/03/02",1478,"3 Beds","Apartment"
NA,NA,NA,NA,NA
"2501 Wigwam Pky, Henderson, NV 89074","2026/03/02",1510,"1 Bed","Apartment"
"2501 Wigwam Pky, Henderson, NV 89074","2026/03/02",1698,"2 Beds","Apartment"
NA,NA,NA,NA,NA
"218 E Merlayne Dr, Henderson, NV 89011","2026/03/02",1050,"Merlayne Apartments","House"
NA,NA,NA,NA,NA
"6551 McCarran St, North Las Vegas, NV 89086","2026/03/02",1280,"2 Beds","Apartment"
"6551 McCarran St, North Las Vegas, NV 89086","2026/03/02",1483,"3 Beds","Apartment"
NA,NA,NA,NA,NA
NA,NA,NA,NA,NA
NA,NA,NA,NA,NA
NA,NA,NA,NA,NA
NA,NA,NA,NA,NA
NA,NA,NA,NA,NA
NA,NA,NA,NA,NA
NA,NA,NA,NA,NA
NA,NA,NA,NA,NA
NA,NA,NA,NA,NA
NA,NA,NA,NA,NA
NA,NA,NA,NA,NA
NA,NA,NA,NA,NA
NA,NA,NA,NA,NA
NA,NA,NA,NA,NA
NA,NA,NA,NA,NA
NA,NA,NA,NA,NA
NA,NA,NA,NA,NA
NA,NA,NA,NA,NA
NA,NA,NA,NA,NA
NA,NA,NA,NA,NA
NA,NA,NA,NA,NA
NA,NA,NA,NA,NA
NA,NA,NA,NA,NA
NA,NA,NA,NA,NA
NA,NA,NA,NA,NA
NA,NA,NA,NA,NA
NA,NA,NA,NA,NA
NA,NA,NA,NA,NA
NA,NA,NA,NA,NA
NA,NA,NA,NA,NA
NA,NA,NA,NA,NA
NA,NA,NA,NA,NA
NA,NA,NA,NA,NA
NA,NA,NA,NA,NA
NA,NA,NA,NA,NA
NA,NA,NA,NA,NA
NA,NA,NA,NA,NA
NA,NA,NA,NA,NA
NA,NA,NA,NA,NA
NA,NA,NA,NA,NA
NA,NA,NA,NA,NA
NA,NA,NA,NA,NA
NA,NA,NA,NA,NA
NA,NA,NA,NA,NA
NA,NA,NA,NA,NA
NA,NA,NA,NA,NA
NA,NA,NA,NA,NA
NA,NA,NA,NA,NA
NA,NA,NA,NA,NA
NA,NA,NA,NA,NA
NA,NA,NA,NA,NA
NA,NA,NA,NA,NA
NA,NA,NA,NA,NA
NA,NA,NA,NA,NA
NA,NA,NA,NA,NA
NA,NA,NA,NA,NA
NA,NA,NA,NA,NA
"9140 Taft Point Ct, Las Vegas, NV 89178","2026/03/02",2300,"3 Beds, 2.5 Baths, 1,851 sq ft","House"
NA,NA,NA,NA,NA
NA,NA,NA,NA,NA
NA,NA,NA,NA,NA
NA,NA,NA,NA,NA
NA,NA,NA,NA,NA
NA,NA,NA,NA,NA
NA,NA,NA,NA,NA
NA,NA,NA,NA,NA
NA,NA,NA,NA,NA
"9044 Catching Ct, Las Vegas, NV 89149","2026/03/02",2255,"3 Beds","House"
"8508 Last Point Ave, Las Vegas, NV 89129","2026/03/02",2415,"3 Beds","House"
"8508 Last Point Ave, Las Vegas, NV 89129","2026/03/02",2180,"2 Beds, 2 Baths, 1,174 sq ft","House"
"8508 Last Point Ave, Las Vegas, NV 89129","2026/03/02",1575,"2 Beds, 2 Baths, 1,022 sq ft","House"
"8508 Last Point Ave, Las Vegas, NV 89129","2026/03/02",1120,"1 Bed, 1 Bath, 650 sq ft","House"
NA,NA,NA,NA,NA
"8508 Last Point Ave, Las Vegas, NV 89129","2026/03/02",1698,"2 Beds, 2 Baths, 1,050 sq ft","House"
"8508 Last Point Ave, Las Vegas, NV 89129","2026/03/02",1796,"2 Beds, 2 Baths, 1,157 sq ft","House"
"8508 Last Point Ave, Las Vegas, NV 89129","2026/03/02",1498,"2 Beds, 2 Baths, 1,000 sq ft","House"
